741996
96165
613084
980638
489096
839937
912467
170560
195727
415494
965142
999447
145406
51698
63731
505962
653034
959660
653899
885985
5244
56546
737765
536565
552669
638401
629791
607286
169965
503760
956607
118712
627884
664873
798055
789211
94139
783766
283815
103542
449277
930180
536045
600544
547800
233318
355415
433690
607256
822889
862121
466332
442418
217807
37146
223482
683429
577387
603785
526707
927932
967672
836685
637463
547185
960277
749417
133458
746283
154401
647518
67288
11240
702383
332187
522991
82038
661990
306448
50836
298780
61432
151008
454859
917333
174141
523765
769094
806716
940331
590189
830897
629379
756532
54962
214360
511645
503036
274727
477814
745916
866550
9086
312731
814388
136474
884006
802232
719295
805125
435874
823242
819226
238508
139701
392097
821580
261374
152633
954061
459718
640982
663311
184292
579238
428250
687537
907825
42774
503347
466148
882876
243345
957481
710409
843826
52934
591066
477201
81201
936148
232598
834128
872626
544822
477530
505131
912916
955512
474151
3308
582785
256423
950399
283380
473791
510024
104828
409744
852053
145278
179341
30820
895639
205583
606029
72579
304913
860480
404673
306913
247500
34972
354414
619552
835711
662164
572373
228934
320405
734528
950221
855184
925783
397571
337723
617695
607223
879245
829359
4753
501624
722491
967326
602347
115132
748505
743096
208306
959148
316359
114406
146585
119486
559481
927138
934548
959014
999960
442162
343563
902299
566214
917122
410858
215236
281791
538397
829141
715263
478810
948232
217337
655630
521519
718523
775230
887839
59859
93565
320600
107383
384447
616411
528061
792250
344143
619972
59697
974873
751974
796292
886716
633624
591150
941211
850877
877051
50941
755193
812249
851468
170579
136473
145548
297484
291456
656823
251231
260276
975075
260655
171066
598118
180364
166516
18129
385333
560643
578537
485754
951501
22306
594911
929823
589185
725405
737196
3855
783408
687586
864676
314863
612114
999323
899255
232269
312356
314705
35623
610581
963246
758378
372516
616220
745198
720211
838981
620762
195619
627128
270309
456437
604151
98352
981272
141880
160521
1270
632841
749858
209111
661138
560241
89115
770501
817367
330998
572673
438540
857029
424862
580641
653250
536718
771246
215298
303873
415926
661923
563227
604791
852883
40332
181668
31242
225972
747906
812873
564453
144286
692293
202683
422884
995314
467893
297185
896472
515562
317930
239789
612791
88834
631728
707401
767331
422643
584290
938799
501781
699354
276258
920472
973734
592952
399538
488908
427962
465171
856434
347160
188809
997561
43638
543646
851659
433316
296707
109894
474048
922553
834726
344210
65945
474219
513202
328208
86022
257276
952724
13928
932061
196708
983892
427157
226084
589130
376170
497777
192123
695151
589307
412648
582569
731434
185199
85199
428865
57038
994736
978317
357104
637415
913536
177335
779814
147619
95223
398266
909727
591310
789080
772657
632205
129846
443343
258775
869668
402670
377802
379926
491137
85421
624369
749246
446712
384086
143235
567825
548409
3986
357838
65531
403037
883417
608971
539679
276115
143760
296276
330956
910497
318797
414082
218446
25049
817014
499879
33121
452379
935239
854821
560449
868417
199921
323113
927452
171371
56672
673800
170409
137254
605525
94900
933138
895419
680691
602778
799885
184914
615189
506652
979337
146306
385436
370086
13827
914678
367686
728495
100983
96189
8889
638030
69940
532909
247072
327286
700808
857333
151980
538000
237531
431806
557436
993139
806168
595582
334359
353539
491654
145113
582998
445091
278645
299763
894943
727896
219347
507990
927820
817083
253406
210877
230505
463258
338100
982395
217564
49069
144966
47371
104096
83056
203883
774773
642602
958050
158160
615897
979948
820632
575950
549851
511607
779902
480916
948523
511931
759595
551491
942127
602858
924064
554649
351312
719035
751838
523524
662750
331595
371489
70488
712993
184285
896764
268316
115837
486018
637074
809215
438336
26004
380398
470056
493132
449436
831232
985195
158236
524499
882741
744791
288500
61958
359857
755244
960105
117202
127148
383146
862858
824783
660646
124164
565482
896010
538824
748660
147275
214762
885209
925992
205673
719411
636697
127450
306656
509993
874302
890685
525434
588876
905160
981971
62681
721858
562947
216283
482750
145875
958105
710568
939827
76238
151697
229453
204123
831688
25448
186165
12564
764740
977866
469263
739718
993454
5421
720998
552587
402498
916235
465614
641083
486602
959354
428282
759954
579268
530601
897451
819072
312097
449401
215939
452814
526250
999477
199096
908840
634942
907184
163427
715339
59702
51194
92472
734092
53033
291518
736721
606530
851979
230459
84323
520401
890800
319261
931985
413076
237359
576887
470751
696230
643425
13408
40127
339725
903433
350055
105095
400836
940941
34612
773828
584996
902435
191548
422440
223086
628167
261984
860190
990775
552552
11875
367486
257136
399715
324870
665500
626641
482662
996290
367163
698146
92279
254242
226783
486182
855949
462458
468032
182244
971292
368199
451611
508051
640110
399589
791074
774113
95469
87463
273491
454368
846653
789590
790566
840334
579334
320009
481759
84607
539727
472862
79812
412713
999302
397010
730601
141132
892188
302274
556583
425532
557965
57791
322667
19916
509117
236232
29098
858137
653438
452774
588210
934256
748142
378665
757020
162845
887741
599866
825694
632529
39693
42141
752893
202735
259442
34886
965215
19059
12953
414356
55422
892863
854468
148014
497721
456772
982963
179705
416452
976393
849375
699571
280192
361371
495135
752943
812710
643281
59502
822637
262812
865659
470404
249557
190634
382055
514336
33936
920006
52623
882023
38468
490507
790754
345254
808042
853512
706221
54388
246221
923637
514150
905395
637920
440193
667925
348597
711613
972231
7008
404474
561718
497502
644593
405847
247130
504847
407878
400243
723078
202082
831892
171884
85796
793809
850905
705879
867141
207326
599805
553252
419863
544320
383460
970911
775555
124408
319507
214994
728485
186435
327740
952200
772969
655592
214887
347948
250175
247921
118527
534864
176378
261622
824823
251595
874762
174484
280919
477754
423636
593981
584167
594854
182571
853482
196726
83014
444974
275627
884871
220379
464190
19998
548313
641529
886169
925822
188818
53350
932312
249811
118215
108763
362241
960647
669866
827815
211338
293017
875793
913779
563435
387114
674335
835104
435102
754933
360081
373453
21174
956828
195943
788404
879321
724893
876524
323124
262492
596387
778276
799593
435193
227897
821714
339575
319535
874201
249827
666342
261367
545571
999290
769383
831838
457513
979993
921525
452676
388967
344745
852695
331567
122704
159974
669762
657677
171075
143785
709083
857924
384989
209939
972761
643576
427880
900755
406921
716952
385904
903253
946667
185637
298486
856904
264442
716801
724798
964809
849225
911471
745731
100209
251273
25709
89163
449336
828391
714091
336597
6148
266258
220007
33134
489682
45466
395238
743202
102912
733748
472016
581328
900724
664346
599657
651223
540589
925199
401832
295212
664292
930944
269942
987790
292574
209286
620868
573456
974289
860872
430601
262485
657200
573054
723223
971931
349269
490768
923545
963629
955850
421341
687915
935740
542324
51927
410646
600392
332381
662475
563047
927353
218461
606654
671914
896650
717411
523187
89160
112165
749733
919754
493562
894089
768866
972738
137705
55911
993232
504671
365668
84109
647848
841447
231741
185209
970954
662150
315712
379408
296141
246225
435857
84007
879399
998055
498849
544829
439670
871540
506061
820876
446825
908431
40851
321780
689358
690243
273073
786584
60728
729963
405340
611972
22604
833014
81498
606539
672232
502411
226300
617456
742641
885574
344060
860986
300920
786271
116847
157291
173513
16300
854950
80777
469391
343485
828263
810011
541991
23461
184515
931056
871231
755928
563028
65240
652203
441584
798165
964214
722948
766090
935582
608685
884669
819661
629370
469368
754052
703626
403622
649366
356496
450367
343977
214114
551693
4918
738699
774785
293730
154635
421299
336052
499675
586698
973473
822093
508024
877751
315588
833470
660689
967975
581304
498828
267364
530315
912544
562019
755453
995789
84701
837700
496384
651474
846248
923033
528150
573984
277842
582186
757298
716121
124949
169703
390143
434534
941461
292261
258856
920175
339065
106726
69315
519942
449697
582033
617499
900131
853059
178944
7192
432586
620645
876728
212301
586121
401401
750004
108062
320541
994384
811674
915852
976245
947836
522255
511583
998094
17671
406886
68847
635773
512713
392499
851022
932747
574826
998782
820821
476026
207669
504211
265802
740134
616084
302775
483115
983367
356846
817973
175130
581779
272282
693270
213924
648704
141566
238318
470319
967527
721929
815827
218880
962692
744585
564969
796007
523482
580905
929561
801991
776307
322123
274400
104454
228805
648958
852739
171917
825969
955932
690208
804540
872229
112963
238432
301742
67360
982126
304265
197284
145365
335599
599664
31568
675881
333259
173324
577088
330903
934513
353125
630693
605107
85273
416874
957248
260748
621558
439458
208680
29610
212951
862715
92282
236086
838623
348607
582301
722937
495647
820004
592048
696125
406797
74690
619667
150031
703140
648927
336271
889254
923415
267814
915875
992094
636467
404983
252844
298781
146256
738136
565359
470295
686003
892680
898246
714476
203715
199220
760870
779566
873766
976835
643465
11713
226616
47180
683388
603227
392168
757799
532743
889836
914478
379361
524276
41431
600748
359433
601278
442013
322209
125671
438232
585371
471300
224908
819798
251242
394819
150405
328060
18660
705943
332265
154274
836358
599940
840530
320448
7153
262698
720104
350108
53899
501707
866201
587085
955074
175450
284837
782698
59185
128508
67541
542804
839067
611678
654283
497373
968403
569522
769653
332756
148158
966791
992795
327855
811121
554563
575448
48531
27060
383040
418342
561282
991400
384321
545874
216417
579780
64720
666894
174821
326971
175605
988389
393946
827066
857364
2569
732304
880141
701924
93768
670370
55457
853064
962845
540708
892388
279499
419235
324136
759113
132157
10917
174637
623911
585892
667984
124389
899521
396257
106634
433250
349664
556833
492059
469660
245597
710140
784073
2081
270779
418093
871939
759065
556528
728495
48819
977077
739013
648752
408246
306548
784915
105844
569000
799441
789613
468937
461080
886605
698780
2338
347995
290388
732869
90899
581692
909135
368743
270696
216465
689733
667905
301666
499049
116846
408848
16399
412961
769430
358966
327109
304853
536427
154230
500795
929460
145379
314332
541507
84077
689996
171258
519528
891526
927345
287628
697184
811019
257958
37437
49262
253155
128881
159363
993175
609982
875669
885925
232830
165994
295420
757341
559518
674757
859520
168536
980004
858509
725014
748313
26535
69971
143319
215806
565253
837902
562541
90459
63899
370316
485974
607618
964960
862723
657240
756325
857631
233350
163713
197394
418447
609555
784474
876572
509776
704457
879464
60058
565124
849655
821150
569033
386696
788559
572002
63309
85902
579193
547898
706517
514457
554500
699475
377371
275731
911671
158766
165643
511246
57158
424680
856251
129173
968352
80868
538009
250094
468005
557590
471651
297584
944949
493615
566094
415803
917796
441056
107146
265431
40073
747149
768669
199404
231286
675088
5932
278747
647041
777767
26521
301945
901057
670651
473413
989094
353877
330894
159350
881741
352158
825472
897556
90170
59724
530813
306638
900178
319702
164230
777178
285364
668675
421723
268761
872107
724198
440835
444376
908684
494951
121655
491059
132659
202427
122929
917652
253076
119733
179340
473433
659392
512566
926232
343252
863735
879680
277180
4843
264804
121129
204744
872032
481785
304427
333335
655723
571751
630232
809693
276420
590138
328170
119315
47101
369232
290809
753724
484619
349876
128389
569938
957477
442779
324851
219538
527940
259898
261461
921761
217227
436610
519202
915097
321
837370
501189
386869
129529
471863
568721
443989
570899
536953
533265
851757
874267
542053
28989
732176
882190
951323
729673
342549
427197
504883
997528
199011
691659
155225
74767
342559
942032
12674
373380
603054
545568
517578
858196
489961
774694
472620
864851
774173
307881
756637
128543
522043
573105
34181
373262
385699
257603
603739
585285
114183
210567
732828
147114
555071
43147
914919
325937
699434
348192
227320
973139
598331
674658
127423
708189
18279
856918
475036
197093
964777
603883
985338
616151
946544
943779
694021
783981
902119
8203
401801
564797
924062
453734
668968
535084
286682
779624
186360
461440
131830
39198
838583
690388
349235
935403
979691
460516
366692
57388
529754
81160
898287
608829
876963
434046
636416
654229
336376
973536
96208
633996
61113
611572
515341
686462
879277
283362
87463
747335
177439
534592
335863
528301
551955
709385
3659
283165
730916
752365
204242
255758
635003
481410
591713
783874
671918
76696
982175
408811
233458
668138
982420
439210
647678
294639
544392
323506
809087
669904
551771
739404
311217
650293
599073
85107
76065
125049
667191
794719
414332
575100
298663
250783
245650
127958
500275
622047
472813
881064
930370
424649
494280
994447
830244
661192
255150
977650
426756
523624
835313
533627
335017
270938
430787
593122
747240
309843
166580
765925
498410
360211
356936
19412
11990
127747
111284
993928
966363
462327
65205
448628
312411
604692
368590
494483
607543
513739
757212
412161
496179
468163
387799
161318
519494
122261
929511
413325
581569
758897
818400
254739
30361
866142
493532
250298
398419
465438
825396
445725
522891
746543
443418
798078
116448
436718
504598
347131
324735
755863
958683
725983
349387
29991
169030
783893
450790
359394
235250
581688
678879
101808
315258
277253
394616
519971
597580
231666
424210
288020
23718
651544
694775
657131
783281
474187
509508
490940
614902
54410
250609
946062
501633
155986
602047
280248
90129
652749
910525
57253
514296
102312
296630
878582
591125
186818
189754
214790
425388
615360
920647
758345
973535
113853
785621
942989
54539
583583
769979
225315
63490
432453
741569
418263
973984
594204
666947
450842
658060
627345
981694
598209
984013
259680
510138
337510
383622
751819
768788
806700
162640
798055
979175
616161
295794
362000
195222
995388
243711
753981
872249
422149
893645
34542
615458
394196
871245
721794
525131
283825
144524
310181
93725
26203
576005
807270
487327
356964
215584
787878
720058
112121
882379
436908
694053
488576
980084
448662
9713
111962
634848
405866
79795
416071
809643
362507
335049
719337
826140
112903
519243
123937
722404
856525
982160
74326
626228
241404
544730
931348
619576
867542
668959
850512
821683
355091
798132
298250
81464
475602
416856
43467
118978
529386
674075
371534
17585
124639
834217
898811
462434
991793
721591
692366
383913
200718
409801
313367
464685
549351
791965
675610
706913
914719
371256
143510
153435
906080
195210
609251
259218
923272
165056
794036
757689
290049
724583
449788
569074
118447
859448
626030
810993
705154
128196
891100
309934
408171
482365
326657
64774
75371
73822
90138
110447
523782
610872
541230
929622
407703
901850
586991
899351
624189
429277
57017
662808
106931
380233
476343
564034
225342
699304
676709
670173
487935
42021
353903
406600
607464
849503
38585
526801
762891
984464
131640
977527
934478
291156
186749
297721
969531
722265
830418
177114
925684
786082
937021
777396
559683
300023
530593
856374
62864
880173
295620
495740
173292
896654
27884
554698
499081
892772
683874
104804
161804
244647
126168
180108
895035
977792
409638
143321
742865
45241
883696
670576
980081
399364
471076
423778
800759
154085
3232
102434
265193
119164
850608
914977
712396
523891
534389
346440
280723
86400
348769
165649
648370
118359
20830
862466
148370
86128
424974
103944
276637
759664
103790
365164
387768
609526
756116
720180
214673
551429
59479
828633
323086
955849
659213
541407
991204
25288
495087
469655
861833
279590
54873
142381
57409
545300
461294
689710
257429
905687
559513
74523
165091
808433
691182
758306
804174
439022
940974
346175
713301
816076
151849
809199
633857
993991
951742
93580
38840
120321
121022
259210
429296
929611
643823
321740
428989
574419
691628
597412
602698
883562
550634
436902
350438
344624
560149
322343
899638
148509
759320
562263
147401
993647
356988
44856
594441
789420
490600
298106
16588
902291
963079
830453
720586
929379
8391
789442
683753
866119
181821
627575
718837
843100
823397
911805
717291
75105
953927
132942
446708
774778
606966
709072
386863
673633
278387
953481
871783
27753
424174
482303
180260
783408
147436
765421
713501
131105
640772
176931
961803
462819
371971
200315
770776
167138
938479
520371
760310
722744
284969
855788
80461
555767
931179
862590
164364
820117
805873
710774
749025
635701
215221
532845
525059
814926
935954
544582
605100
882682
207178
402371
824805
693597
849827
151748
852601
178160
887404
266270
190795
996201
269149
218900
702596
402761
327900
485365
326116
640194
440988
770193
198074
829378
352864
511321
371119
516576
255198
14994
527356
612962
727038
442038
219771
347176
128641
109479
556699
450297
173119
927377
518382
939945
383176
555803
787485
357795
918252
782793
558587
428121
381015
598321
897142
96197
655444
217559
245994
244570
1330
924136
682831
756812
876612
932431
658899
495353
701762
19832
685827
122034
221516
469919
571682
628330
968783
834324
521308
483771
785792
539021
907860
290575
816070
622183
523738
950257
258868
344443
642424
585264
928116
170009
217067
951085
348159
351844
742831
970306
854152
274314
817203
435087
480184
153949
510380
788962
660116
10963
941254
223426
471036
559831
324021
4249
952141
646729
188841
366587
744869
515097
73055
254679
147270
665979
896532
603065
915283
647111
449044
623161
816056
758897
42225
528708
978919
261280
808976
188356
72381
681580
71326
772783
330499
725945
96288
852649
600015
745899
786791
759959
52875
976965
582177
892865
793677
176609
654092
376995
70182
145486
247302
687377
386167
633345
558209
525572
479356
965690
666578
110405
330028
377781
894696
407092
953017
169672
18841
726069
653682
591135
231640
773368
400969
792722
874563
44004
335662
964448
874649
889568
138137
755083
333065
923389
569895
418895
304933
3907
151772
341952
486454
466327
143623
675967
289960
755846
956931
865752
709030
971824
618265
606332
609217
676499
539523
8214
548489
965939
50124
375115
97342
3364
225555
286931
884192
900788
432430
946799
649443
81335
324650
66182
618111
997423
438833
984800
934755
644760
491717
58110
688969
703886
445672
723731
601189
312220
497566
866275
462199
109090
528266
233335
876160
616674
612533
451130
821137
930919
450542
517108
501182
15762
728715
738656
881714
723778
468685
112619
656924
788703
407906
519052
357895
830084
968835
351802
890248
881990
210878
30287
590096
973861
477006
595511
122529
149391
299110
236244
139486
333259
850253
951026
926331
287176
813730
767138
642451
354947
445249
611381
73176
18895
196862
128023
473188
891524
127310
460421
902703
312006
577414
337260
626842
506609
34619
895008
573607
623390
643207
733877
229644
254101
286637
435262
323292
294607
625172
134303
347109
495654
203632
737041
936921
40923
729662
282802
391332
299460
373229
976135
819612
778384
427162
626063
434007
586680
734900
993028
742550
759108
668607
960945
736158
720887
280564
31019
515623
599385
204613
431341
28846
846175
770941
800916
126437
14456
118662
662963
850251
286262
254148
196628
186966
329431
952031
448012
914507
339440
214495
458682
92592
830133
915568
127132
502298
928743
932164
720269
438816
103706
517271
4575
659696
681378
229198
653841
309503
827290
345465
825773
609692
802896
627192
515265
147230
863184
984761
983415
147836
671180
954271
401811
496891
403173
412414
867337
407106
697240
201923
51257
711817
873608
517745
819208
281968
226340
156166
979548
862828
92980
175100
605299
404060
581445
828075
164833
720890
38511
286923
291428
854956
662720
698456
985957
602042
901447
189774
370254
418523
126654
141460
223170
802408
446293
579381
239869
143986
23191
589065
204490
820783
359163
771186
376667
498575
144138
660738
402184
905581
541479
587834
733159
803872
439616
940525
461380
379250
86160
661060
119101
989928
359054
855450
319101
626368
167413
225351
822611
294585
514673
984442
413102
791500
104867
433792
639863
910712
591889
989025
548555
112635
834349
345129
342548
479452
777152
766724
427267
128229
263283
218563
364971
607343
735098
445947
559933
707797
78110
608908
409244
214667
586213
668223
617884
706055
817695
332617
501404
234973
175824
698028
987133
2984
743477
576381
239678
563108
854901
988352
130358
152409
441125
244847
310445
876274
408504
40666
157462
256876
413762
778984
618669
260330
37287
896379
649385
51365
539876
166642
828383
263744
713721
544904
114419
274937
562546
863321
991867
840252
909585
278853
894642
337810
860378
601389
542165
497590
839867
934491
90333
808776
939925
891198
222298
306587
364139
242258
531817
616041
330662
819102
431186
47974
854850
157335
667072
171441
929305
172386
664349
950311
521162
697783
652874
50386
246022
270881
42872
979263
362615
749537
610022
845421
612556
458931
530935
71841
439077
790760
733295
7383
230296
487986
918602
335698
575262
757950
35257
971925
766686
102588
720634
302890
248147
925242
674578
708127
46172
58542
132266
139025
530208
773842
604227
945696
977307
680618
534936
675650
566538
979297
32527
263091
754799
844561
32539
515786
652289
520034
500529
301735
481076
564170
63396
679881
412512
693874
265055
351484
909137
963449
823807
408303
51818
220497
272075
304035
311350
741703
23120
491712
952077
827361
809181
299522
794207
634720
655128
226960
205984
198245
780348
909805
224976
368240
474096
742087
815589
800515
242628
404909
598360
543461
241162
378014
91017
247170
42255
940989
216848
290928
520373
37920
31777
296524
885294
356551
8923
726595
844503
733673
383277
939693
726063
649450
965861
279891
225842
287210
956375
184593
903254
305911
243686
113687
385185
112930
538482
379721
253925
249455
858846
858566
818457
841510
116476
555398
692246
795334
145880
764509
444843
803737
10974
304604
229405
509155
972265
884182
578622
575860
795304
396864
148904
325213
801583
709618
411479
871423
647704
598090
891232
167487
974931
801840
31186
177749
576273
956787
734056
441732
16329
171090
855911
836452
358758
918296
151642
911899
269581
530078
415080
147306
20430
840564
717775
934307
662374
530971
872959
364856
324591
538857
269909
170415
274597
904847
53490
914547
274453
690872
180024
282628
680868
173959
344161
656013
99961
947203
239227
384598
513096
538191
791364
317712
695548
17362
127326
200590
237504
215605
407598
618579
583851
196554
261143
20358
94022
923914
864974
263298
378170
314103
237338
642506
328795
860448
317099
875545
989899
657155
316820
175960
150860
421068
563109
298921
705062
611132
6569
762592
242865
365221
391161
692690
626560
192593
245499
236933
760682
722051
237371
890375
131126
19541
332899
712922
495522
191488
466266
24524
101712
763002
81271
695398
650958
14458
57313
319866
351872
478423
821061
349151
576620
581006
35122
167930
829794
222818
440596
325362
860550
414238
966347
712837
486652
135734
395239
725753
843502
912716
193602
148714
132604
442254
140282
802242
51329
490300
204874
819464
202943
960391
470789
845967
696870
718357
449582
974990
226630
458210
860726
242128
215118
650880
663827
473026
506560
916094
76473
734058
862963
620967
808311
886071
718532
976546
684721
497779
959514
797047
751734
452820
349525
232241
666301
553266
724627
167902
216769
374484
701982
91507
231990
101667
146549
781260
434406
350208
365686
556818
459885
134833
70757
662582
719693
302582
433755
286041
405615
532986
424013
596174
447031
841893
235192
359671
857602
761934
79334
257484
766015
763982
5856
484154
219239
153328
583473
736935
497818
580036
991378
21652
740248
995603
678071
56284
818712
171372
733429
444505
913992
804637
288270
527910
244450
753917
349467
392830
261416
586150
257940
262211
971900
380993
351615
328347
830558
548410
422195
827829
15618
463890
792328
644266
36941
795858
723550
927742
241068
338781
32006
54597
634321
183455
834512
358690
127755
638754
652785
232683
539329
827071
597457
84520
423051
120433
668143
343994
715310
213957
630450
709209
543793
320621
87757
439350
434528
103157
224333
935999
998877
141261
371842
251009
520925
163332
557384
235815
302342
848726
703537
18528
574308
831388
344592
378783
848706
666273
764068
252412
770539
163797
221024
712312
271357
638875
593235
158621
254246
311229
210745
564420
379390
105471
580445
883952
280705
8017
31209
176664
43687
479005
679948
771586
381730
929985
578054
25803
928500
32023
367891
56003
993770
883631
967922
443957
623224
295710
123216
251780
232818
116528
327958
83376
728677
731896
566988
10360
582352
555337
5160
50650
460866
243325
489591
977974
86097
485938
986983
986449
612852
219157
661935
627380
709566
571606
894299
200756
845304
655675
801143
376141
121497
605840
386711
861096
616804
979900
172866
950972
928478
100656
722873
959248
400619
421176
257383
591262
64965
457204
952998
890708
728471
218976
757611
735284
977084
100110
84688
168667
953871
834294
68029
392990
388654
664100
350193
666384
642704
836303
547058
687840
841280
585034
724687
592415
717430
36563
966607
425376
191248
535945
102840
169400
356082
812283
82749
151013
18551
702236
301701
920779
987282
613074
616852
461657
342598
895149
884440
999371
816766
585397
657298
278664
645705
568284
488799
434027
233206
395666
27491
836255
693705
318904
550161
404963
362455
647084
841048
936941
665219
477571
730797
184107
367253
166100
190833
973156
259828
895409
181376
865085
132160
293297
809686
709656
369934
219305
620445
910999
579329
19577
318935
924670
599425
152514
91556
94070
57499
532341
121969
233774
373301
8199
340221
486364
915308
954497
307529
712354
64332
524147
123356
607755
517675
304112
216180
472290
574965
265532
522247
146537
288779
870367
544163
859918
780141
255270
211096
267282
624219
828026
33678
839136
375788
591017
391877
946091
850714
715983
859702
783395
624759
426016
573465
44691
459902
32725
460160
587354
750853
203121
231456
15299
97166
853231
215664
26500
409340
624266
797867
884944
730274
219816
262831
53529
321591
893028
395463
146661
430694
492279
607046
365132
644546
802498
415306
646476
104727
345018
887840
582152
904219
998832
3206
444963
734148
245308
978059
60213
32179
626437
125331
804841
604238
180336
235383
118835
258475
927331
660169
950896
593959
188277
743797
109019
156439
589620
357698
928105
974806
274194
682680
180611
214206
902508
53852
794334
129138
968184
14615
789176
485719
501067
528693
981744
293346
646085
253320
308994
360460
100186
962029
667167
318883
716861
791782
294629
893690
264619
743463
103168
970881
964753
62124
898076
163311
904922
114951
648198
487643
919577
829816
435038
929066
314192
330804
677051
959907
724763
773960
506779
86047
26940
125847
715589
582364
806724
77759
783102
686512
136410
416154
922979
490842
108523
685856
962345
156276
473326
156714
179055
642564
675026
620305
303229
576947
150215
308213
26268
853525
110566
207002
916689
844454
16638
955436
487735
159958
30140
903651
71544
813563
182134
737985
765288
904998
148
309817
126526
87376
347931
927786
361967
444274
51735
228936
993257
784435
319717
892636
695401
110396
989850
213794
89657
415784
135636
334736
864970
492311
629211
719862
287465
804449
319859
828544
813601
762024
601024
584409
984750
245127
115350
504106
940953
833191
276381
358336
387253
839152
710813
882380
309556
834075
375212
603459
739750
677606
722865
725286
973712
301217
784276
265500
348709
206118
146692
635323
265188
49190
222692
614821
81613
583645
908371
203151
84993
271271
145878
720413
576821
235437
738469
242025
68562
970615
962639
829347
356333
987366
98570
834578
403102
500921
648091
711673
350847
218508
80350
643284
146051
150562
218675
698241
106224
847767
686469
958204
926394
84920
112248
543491
19070
106926
371950
608280
553047
399765
737206
16933
124577
903914
626579
197113
757704
244579
436644
484273
734539
359513
646004
834482
736339
506657
812128
241426
879978
162936
871585
58006
788762
166812
458550
531734
794467
10295
792943
367741
848343
402294
298071
657453
190486
630265
2751
475391
705314
684195
220323
762792
713054
450128
68476
417527
53672
873958
964641
953274
396239
864389
917467
411840
748275
811160
13380
633146
930360
547277
131802
244603
146278
277985
350245
767583
652513
631956
864259
640903
810752
996540
706317
436610
799883
661622
427944
807111
914198
220471
315434
119646
653748
823808
234278
565535
949978
234928
694806
259859
342674
337843
285412
623799
410072
888792
817557
165790
414037
107457
690450
293302
381109
155251
368533
606499
309095
850190
768172
177159
84273
835606
645357
702243
509229
564335
563127
308311
610211
68968
305440
866053
6788
151790
911296
933140
804545
352673
867673
378256
795142
150531
442785
474031
31575
739980
503342
59951
308613
19036
670142
9306
42572
43400
476703
519723
938188
742229
320321
612299
421218
51459
575190
429108
583075
38656
888867
146423
771189
662590
845735
530648
5257
699230
561764
101783
942584
753355
534734
324426
160697
2532
843599
84197
800125
613713
197813
801948
249511
645815
744377
999391
223659
207622
4205
772036
755266
616047
55041
312835
483015
874419
152753
934874
375090
660503
251983
320657
124974
827828
892456
596312
449944
277802
118614
984460
781718
776757
839842
662936
610130
315800
45459
306168
237906
199029
855384
919961
154294
258174
341581
370845
748045
769094
581677
563578
900371
854129
378901
51906
990923
989386
557809
444029
400373
547443
455045
589554
863341
968311
698458
626821
203360
330044
873923
974266
406635
257300
45194
68951
929554
573618
703164
308520
874329
730809
114574
834076
577602
197680
497131
942029
449252
778450
247835
674269
908965
900610
482833
16892
372884
112860
869329
39813
566501
660647
823996
608008
681738
156582
667705
785123
840234
168846
996226
255497
16320
354193
661128
247332
51603
579993
261508
514455
175693
411280
201756
37788
872059
777948
896686
38477
377696
702824
981371
953406
594806
711838
256563
541127
324418
835825
802457
299743
641235
766358
66770
855971
515479
365650
643792
820023
87769
41070
518742
652163
603739
462088
24039
229151
259019
547588
897935
41929
255526
383007
843789
409939
822822
430179
542619
866970
829481
543479
700828
903792
858336
59534
788961
507931
75056
920832
720472
371639
839784
705909
298194
382006
959647
324029
907695
46152
864298
754174
105257
434326
683128
847493
356281
748455
175882
46525
273001
765221
215633
246461
994616
52986
374309
503867
476195
46933
510880
954654
223062
55625
327573
893938
934191
957268
534384
870773
136235
392252
355820
109774
996207
492309
973675
209053
202229
345632
613429
537453
790673
841166
456335
299910
381215
55906
502391
746784
14027
132596
467131
521905
766205
876369
423283
596839
283679
209216
999713
896946
31244
569504
67171
641464
621398
302189
53842
230060
1268
762529
791547
424121
754695
375926
407480
126488
945479
923530
256234
575617
463694
628700
962836
870269
88257
868467
916695
33882
715671
229598
961222
111992
858503
185558
955301
999041
111122
531839
600387
509558
630378
391821
584625
166692
477694
942084
228446
123765
761955
350936
205328
922402
1952
267762
550529
176902
997078
712788
506900
190094
39434
289427
104562
625485
401745
547395
432838
17516
323799
808946
136529
982783
938955
27210
11754
183602
327722
512026
332694
384930
780967
376750
879744
968584
102580
760154
854677
246352
646128
563862
585982
817480
557293
121411
545915
822323
658460
603724
784153
890686
221464
29159
869583
958602
730508
933307
669435
368296
870913
931676
413492
909219
929671
43953
923851
822902
217727
605943
42403
290270
366340
412190
785450
935434
507124
955025
775667
729392
236062
275987
972402
566777
550602
688837
422995
371292
654687
288644
19959
943369
111221
854255
352012
978491
980600
934662
766663
70256
217269
900334
837505
668469
311940
978001
929131
474074
727570
398882
257264
451974
255626
534270
30310
820579
700960
631342
309615
217401
816890
129161
120690
746777
470971
523062
364081
23535
700588
124495
943048
769851
680841
456290
884993
326233
694758
721681
552598
606076
163900
493977
619268
356345
505044
730991
874632
547647
738895
301574
462905
10725
298192
730222
888897
757340
319430
112406
898489
172868
734489
912818
480608
62682
562352
789943
757048
964046
767069
967427
574334
934002
661990
228699
698820
485647
132465
163148
122604
153234
200459
28530
215043
585892
876501
489111
62199
732183
307595
270387
355703
873019
736562
37970
2854
195601
256222
390483
629627
550743
491037
463692
918967
398850
955779
192011
949380
689226
72787
957751
946535
777759
189831
234326
78242
403705
174397
115240
825385
854541
185598
866992
41790
93211
269355
282834
348971
383652
807174
983639
247644
150842
440346
253070
710486
364207
106377
172046
699864
919855
949040
669462
897676
969834
73976
154901
423914
74281
73596
709
747306
173378
8082
394993
910051
19751
982968
950936
360837
376408
332445
46954
560816
931769
290313
331823
64686
585150
3817
925575
974292
407938
804923
652364
88368
842999
966290
36243
350575
996408
7046
767762
155214
569723
273148
412635
21499
112802
12750
151110
284744
444336
391318
736878
33610
968920
89244
167889
386196
221937
451290
278427
482955
741959
279528
242044
186854
196363
937288
293237
580421
731050
452240
62003
917290
285882
900208
966162
891160
940305
108319
665282
209542
134576
468967
67655
273024
492253
700041
557594
297435
352910
697550
43949
755859
571201
515115
162764
959683
857321
465231
209439
28287
942018
334861
522508
244369
275718
239521
792505
4175
825208
595489
428591
283030
283229
734657
149210
716005
120010
506691
726381
908632
532185
584505
788770
414974
149301
703288
130463
273946
282517
515675
17716
752115
5382
248113
350529
801752
954272
338884
18165
570548
400666
585863
723441
866633
960570
685339
611402
634701
664804
578430
931757
14110
199380
692048
671325
588770
369255
233411
426137
647103
348179
508127
587225
772020
833208
967920
865782
840210
703054
823757
834473
260379
43965
306757
953195
468341
541963
998183
407420
848523
475887
844078
630400
400705
232261
516295
454723
498257
286427
414017
436125
674887
686120
813520
491249
270869
816988
783806
916047
669780
454547
969135
407418
399768
22179
907727
31683
581230
875220
915674
32468
41460
804719
240391
761929
566101
965871
259538
847096
152609
649364
959973
260881
653957
339927
171490
615969
401835
338232
125648
725297
218161
966963
868511
992779
278014
581969
838361
999516
914695
861082
905063
637941
949725
157672
125310
113195
810928
191062
973732
598047
281700
755096
470883
323352
853710
613989
703880
215500
222731
627662
71512
340414
219325
563762
892689
671361
399139
332874
571864
223514
949524
293664
588740
266563
121944
253789
377797
635724
897379
70463
511922
537053
214703
959401
675247
464086
277172
497428
168183
991511
270023
93476
151372
320219
232013
210581
631224
191423
230234
509332
998014
175777
852970
630378
210594
342755
902522
420627
729874
621647
859588
746413
251440
589973
191830
27916
149501
617711
776718
862634
454371
586405
547060
867388
417439
121196
706676
507871
672777
692842
672118
107953
776385
508437
364828
760189
758840
87737
281879
144206
654424
571160
700646
251876
43281
64555
524013
429636
351873
361671
371438
369514
387071
166491
282790
81370
908485
660118
235142
439189
449847
825893
732492
158246
679060
93594
298238
93787
494008
124456
159171
507985
714123
500235
790430
564265
64074
685124
669383
249239
549360
726210
337576
366361
25856
836957
170097
649604
831730
57019
143064
715065
726200
784469
535857
679287
860907
842580
789477
390474
976791
785237
668114
753250
720863
554316
764543
511294
861519
412612
223098
878279
673980
196740
467920
856185
499802
728589
178409
362876
236826
718593
421693
741713
828541
832030
84983
639016
831930
39463
482596
390606
657672
765859
849880
310275
36169
898751
476894
852458
720659
693646
725849
390617
555803
559217
202363
648976
274752
883602
493089
455495
792946
405706
264074
152608
37245
611171
293747
50428
226358
453879
946704
413673
646272
260343
421800
467257
100347
980616
453390
696174
289035
815111
183
82257
372672
421549
763901
710242
340391
231438
61807
99113
574316
157691
391506
546667
976042
44040
320569
586744
724753
451752
707964
951265
9779
762292
344088
928264
618987
132682
981027
510800
588074
204114
305514
826226
771039
643420
427433
211825
58947
527205
653222
689190
14270
396985
369962
305653
389689
500018
75101
398880
387329
819934
318013
454586
702036
412351
933306
459891
494540
450668
730802
85778
152549
866132
824708
624578
621741
827682
16019
713603
704775
249277
39001
607425
769627
210663
331237
36418
469662
488837
672690
484600
591225
268605
102502
633206
119832
110331
2788
106816
833490
979919
401550
570299
105328
383024
681946
746499
767004
269220
144399
694619
247336
8567
302621
489407
884407
295976
102295
674134
306188
653668
931278
514691
829933
451370
527819
752155
159027
944525
804520
365233
378481
855256
930315
847628
425599
853003
775808
292474
631330
547140
788083
953470
439513
916985
107975
641188
282118
213602
353813
628598
84536
904115
881476
537863
214801
728519
149825
21996
61401
98264
547035
23306
303454
652139
723646
117771
54277
455881
12810
860907
692786
927271
403472
70702
985807
467559
676521
640948
491965
657719
509746
624228
440341
685656
835431
462790
224217
513401
697115
150765
81469
491905
845585
730577
80907
43820
553531
266747
225591
91085
970636
862809
367231
506097
53436
740465
564926
857380
338712
605939
867151
197325
290563
164903
846616
872628
887117
869829
252986
878308
252653
792675
42131
418412
617502
12361
163118
382399
343444
960544
184904
379323
445466
200585
785664
648647
502154
33355
964954
822229
48680
579108
389935
968967
533851
561664
872373
26606
102216
796103
958439
514541
537228
158673
808401
783548
909846
947701
670074
585864
684448
976639
583661
31352
330888
594879
820966
167819
733647
593918
589270
430365
153069
646412
34195
193544
452366
617973
923871
565735
943213
104978
661459
180918
454796
170939
388329
84949
270349
612442
538531
236460
692336
809243
293274
384168
28074
79295
236710
732258
184862
351120
9639
388001
90426
559343
231086
840758
914737
492297
243020
815814
613008
57832
256820
571876
445311
132069
213647
897692
468887
898428
645085
697613
660250
995768
314370
337006
605779
823053
987253
662833
75403
516292
373696
820292
279333
669905
375860
84916
65495
571072
35565
586796
502917
306702
211134
346972
295676
101716
433144
902517
311303
967006
161436
344080
52338
717018
654043
36526
458905
539756
509061
794138
229803
159454
990422
498603
35201
919861
405082
842982
386005
35359
241977
532928
493792
638280
873891
357952
307220
591691
287640
714883
254707
693125
694356
327001
678410
151302
945622
798285
364046
740449
875916
339075
865617
622179
671901
641401
610401
593376
898642
620336
258238
601385
568930
71012
557749
269593
588696
520886
790493
517583
242979
93163
631469
645622
43386
968525
373177
971455
291178
489967
321031
605488
879933
753038
841362
476118
736713
997907
812122
993110
382994
406070
805926
242210
516317
565948
565848
84359
437714
205984
916587
665058
492044
980368
674699
541746
645121
207694
725648
341065
911945
20087
922265
635293
329292
633889
550145
219963
802317
734301
612737
624987
544717
39515
853026
148686
730269
139821
880028
264404
335364
436004
477520
183754
763848
957719
217823
852352
798749
61442
378533
308329
152295
772106
540758
501675
500718
654238
527859
201943
239069
471866
985064
659251
96247
946437
643205
253298
933463
166490
765463
181893
951458
635044
519523
144906
83403
917283
97534
299555
898306
267659
410508
797218
193530
693067
464211
547232
677845
915051
837883
666285
445935
545934
795556
834785
715460
830103
62180
993297
468863
873384
521755
137565
107488
473350
238197
191975
289608
342681
230844
472350
158756
492431
641304
61688
637556
843999
364132
165182
295287
913323
203053
992513
206069
547582
144393
385002
539304
960949
817298
956847
682376
243259
918206
490594
845746
393325
910108
705955
889460
612636
42669
949174
668919
457712
183197
57327
734986
55785
743708
696458
815751
512833
914142
189527
929508
118830
927019
629010
182232
675843
472803
448337
755431
441398
347922
634454
808076
878716
988140
645444
382850
527057
854949
473007
970928
894804
366255
570380
581231
79502
138961
174535
147449
849107
322081
451700
524783
899777
489758
198813
890438
24997
958700
387641
343760
542782
318700
749950
287459
143385
298679
705166
760168
823259
273464
568012
130050
352861
393635
937170
924312
325873
462166
816443
696449
335556
335626
551515
961419
245596
277942
29902
220904
792000
517056
95854
345974
301046
244512
887902
687337
661351
337172
829123
52248
914719
503482
274131
36704
702385
305229
651717
940665
99191
451390
550824
90131
669239
822894
745168
657580
742626
578118
857066
856241
14326
507444
29425
765774
733763
828482
90617
941204
181834
149140
107625
569478
136320
630398
421318
460480
722675
285824
759978
139013
969412
229599
972051
535587
741586
83745
547415
558597
298103
481700
989941
846229
811564
747931
204552
351116
716808
942694
999637
666967
585573
473101
218243
480679
179427
443674
858218
754582
671686
765264
782531
101425
507899
682443
880448
783718
810360
356853
535733
844427
159809
681058
626483
566920
393990
682505
151734
294307
362345
132192
214836
987238
546270
272723
544981
957231
66156
480480
736834
246868
972560
281362
652823
65008
841216
716695
601394
662863
831309
103296
958317
524210
476641
134230
413480
204543
797096
51347
240447
643656
53068
484996
139803
215222
745880
596281
775972
878994
731710
357925
882452
314031
627828
200217
183847
275384
470456
435480
439598
898002
149173
586454
887747
627053
756414
111122
159447
211692
214711
903885
756007
906862
96530
642661
415054
206521
862327
890771
81267
105475
374845
775934
88738
691420
390549
682937
968633
500923
294151
775904
494009
434083
511892
130314
792956
698161
962681
395755
631045
901
770645
147401
477363
718795
101154
758617
517392
478437
431199
577910
350918
988663
89358
645181
596209
15054
343001
58823
841872
31341
158352
834564
509780
914102
600781
674096
976987
407538
345273
549877
534582
577789
110951
438429
72486
799121
488670
531634
914406
224109
192436
52085
431394
254881
976277
630967
848709
370361
814051
314135
291696
837059
446776
917080
639942
792127
145542
488925
14820
78499
491616
299908
228206
731720
147281
544285
347525
908916
662826
219782
221588
799813
761946
71012
134858
259126
569781
658624
145826
752977
507863
118139
399901
49393
649058
628335
244114
633779
522530
739876
122395
714297
242578
985260
939313
460378
588152
596444
444370
195241
445355
245863
143518
303329
690101
921176
468802
92074
63955
318508
377099
118026
167513
415689
732316
183275
99890
686751
531515
986244
839749
693722
460293
428199
632884
580929
294402
722919
457790
330414
761171
920228
37380
685226
835912
625461
943273
525028
802062
994160
984082
879694
750277
112537
286413
557077
339376
778916
598158
328315
339142
853992
603220
706642
852261
986147
245098
814167
386854
525156
213577
152040
952075
127193
280794
959523
920917
945461
223194
388381
734835
138685
626071
39740
150420
527152
420055
478066
59677
622481
811415
369238
172471
358482
804657
955744
405695
622047
653591
822721
509985
267908
491323
321117
133567
273019
477777
347430
119498
830422
193004
940502
356020
336453
5829
381257
296828
980037
610971
482612
97256
166
880500
505542
995793
585334
590529
434201
677784
96463
733023
37973
173302
976442
710778
248866
71922
117695
961228
766727
406251
778571
188291
648996
720917
913211
413249
564552
792449
672907
315901
977648
803732
982230
972998
591389
637913
870217
417832
592080
678195
929832
605863
962469
71467
342140
276264
141642
577256
227288
805104
758874
879420
333831
605891
658202
298010
155797
639662
161678
225830
26422
478881
875961
636069
740438
487796
219760
463828
919357
791242
822554
352020
879070
323603
623302
369154
30781
441323
111337
558565
152316
252960
843059
22529
62528
424849
104268
54344
447428
711793
324656
878128
289594
590187
951140
97184
928153
175776
314579
341635
983240
323467
691914
964671
170469
350534
181517
553088
417522
997413
148372
121838
317660
188288
589093
295677
199466
888783
953743
411874
291839
880941
964288
351843
61259
472959
311556
172295
61140
427950
57882
195565
119645
605904
269685
483385
426928
232164
472076
501865
457677
593916
659486
329157
38831
904821
445318
667509
221559
804066
133302
587693
771832
536903
377619
255555
269214
441217
408173
617312
961019
996099
181273
370581
124335
788027
849709
278917
286068
484435
248920
639296
598660
235027
704603
615345
118951
984035
416168
215213
960028
515758
986773
609003
667747
377123
836925
39315
126821
283669
579636
37295
715777
913538
723236
132158
100149
868977
385801
438311
810788
216628
942341
272843
278665
506061
994720
185715
251961
923565
331232
926824
123790
884888
219521
293730
690230
631396
143698
140760
30934
520799
712940
620726
251996
201232
216143
493997
210080
959510
605786
332452
139766
524142
572391
662732
15570
591120
392641
783953
522904
258360
192899
571564
975872
656066
104718
389525
791139
861934
144166
347286
757412
69508
794217
212923
776957
486609
12078
148198
872549
510863
840118
278335
217819
647650
174609
563592
17170
209471
272849
310286
518201
563559
951971
543547
904678
211985
78863
162057
523358
949798
144396
567057
859587
664678
254976
561601
930587
727848
463508
723372
336889
579390
790513
939772
446090
156855
316377
143938
832574
703038
482340
809774
180176
433759
812821
969754
82868
136490
180952
108992
125917
558576
934106
299725
749864
139242
659397
868877
905384
465338
13847
79813
217358
672585
267870
404575
863029
194959
772754
345472
204808
330032
448014
827254
820625
344004
130029
275021
955678
262639
462653
286784
76242
398895
30179
836109
467909
75637
56267
515425
596313
596842
495689
96115
211162
434642
870225
516525
277905
133262
711183
71172
350118
676987
466788
165097
166063
454456
801854
429527
78489
78406
594963
566925
851377
872072
659706
837462
164688
119529
835494
156483
784097
261596
280447
878395
905808
625983
309855
720297
353361
221081
453926
911315
856714
440450
305786
40331
307294
264098
91678
718718
522199
2897
994926
537705
672687
547294
995444
160044
142267
861163
700203
957303
381173
699062
694158
460961
352228
295154
539
775639
189546
260243
912873
116529
690090
228969
756323
964704
33492
789860
626144
646660
209614
569270
730592
15322
492224
534294
385510
928467
387452
346272
561645
553279
711049
667545
448200
413224
112779
211985
392089
533564
406352
660449
471277
108769
719673
734740
563379
703981
70595
111138
788567
394542
885041
27223
815232
422499
897176
656851
129826
919758
981318
474730
680512
443873
784912
968299
983362
552533
976887
656638
48686
516378
596406
617319
119622
272041
802987
409191
923326
992885
802335
308929
190937
961663
400436
688666
377887
38089
354090
554490
152701
679842
355406
774063
632953
882272
160703
882320
567184
432428
864158
404511
925421
977975
923346
638600
456648
797387
489268
122694
677274
616700
764766
352101
188344
279805
798283
921890
641427
950671
789419
101358
574987
532499
783558
446225
588395
198849
381194
876140
500869
969521
362419
452567
970411
447831
509077
193064
42631
258572
764233
131989
719832
862983
237874
476401
824842
461034
965739
274450
875056
850424
477135
138836
927648
189925
909732
723830
830315
816582
249252
24097
465015
976616
773354
555977
343355
173500
482678
642156
101463
791088
348893
678904
554446
470744
578000
798026
436193
698763
347142
146448
605257
753931
909833
172495
585040
870236
642266
114112
686924
471349
460098
379478
523961
89172
956599
506203
541426
916012
785575
425144
927820
420090
555875
445843
515087
269878
98283
67091
618642
171428
580626
272383
252146
338313
846094
833732
355950
918459
149534
403285
155746
771346
939928
447661
818014
761531
165070
186672
559843
356330
671068
912559
323001
606127
863313
929994
199920
318050
722616
172016
338225
566713
676738
138947
606015
757368
341329
240342
425168
32583
509475
581336
905410
412319
992473
157194
332540
172830
613347
435308
25186
305659
25547
62198
703156
874387
719194
870530
54980
858658
703978
620295
20562
288269
735626
760447
696581
165147
20295
219882
321992
378628
173085
945452
36735
666530
282746
965586
322213
686340
586347
488434
814340
846946
285926
259760
138063
629034
357619
561821
169823
194489
599927
999097
199433
54053
591774
906521
469720
558007
849444
817508
239276
925238
16385
705655
639278
174686
497903
815849
426606
604016
797401
493160
162524
541859
629729
445698
193120
149176
263758
56128
190486
866091
345169
281453
564073
307973
546354
40308
889611
36686
85532
313767
993870
634592
140929
252700
754338
429847
427051
940338
440940
572581
188513
921265
806015
405442
441266
361295
571065
155456
519905
513935
477116
745852
999532
14148
696072
55857
27131
937844
397426
223334
724066
945111
690435
291080
811859
862783
453552
531602
234531
868177
647345
801192
627191
116977
515840
397188
435979
179068
655023
140039
61854
214831
378918
51249
658430
96485
688632
900268
852331
887101
213666
582211
640363
36250
157471
800752
726250
195331
905707
115858
54027
279979
383058
897917
947343
295308
764275
908716
28192
736044
334934
750865
522043
879554
786471
626637
71416
760881
906383
114107
389368
535539
480686
26151
746794
31441
21302
546781
222777
96782
657255
718427
357910
680612
169123
550504
886749
543462
749613
538942
455143
569604
669890
939298
146539
38125
670548
176917
808785
144335
111199
298594
317525
899066
863338
844952
391700
839522
3228
281106
985207
230147
155769
667058
163769
272095
108727
727852
884950
338211
455617
996670
562641
203368
415623
580286
364194
258197
61824
384203
750715
676193
343037
178149
285494
470454
408043
468569
160029
496113
501797
39381
170837
141382
265076
858202
918055
226305
296996
307534
777708
648103
232772
192561
896085
72123
355193
535784
749781
968540
435327
263797
542699
991371
519614
946952
754639
38219
827268
421422
915640
852129
202021
559400
72
406267
859820
225751
282325
739565
984061
773074
450005
937174
381513
556634
904037
794913
11180
543525
737398
979239
503078
148438
471637
78130
889204
203342
122645
539549
173258
275036
925210
834199
682288
206480
705541
410310
862646
512749
629303
258120
265941
239164
156676
237140
93732
479741
28918
570815
95667
483641
793275
309595
542280
715635
693740
598458
653236
566716
549242
656400
224592
242726
60279
894902
401049
114896
524095
660107
73381
702369
408833
230773
594114
30288
514157
833669
592490
496927
328508
406521
439844
732263
691671
581914
451833
225039
883109
410310
474705
718742
611380
994696
39979
674512
531843
2211
164854
509230
146473
178670
244622
300917
674598
352537
747478
718097
578117
210445
48238
176515
500906
466610
563281
729461
831934
723018
475214
831598
428339
582586
705441
192480
660470
392233
995950
357599
382961
302401
623321
470700
915513
46675
498372
763760
62491
917207
623014
130436
43134
803537
660549
554861
505717
321038
788240
470629
691364
329741
618971
10644
788171
422651
819319
651230
41780
875095
24493
586261
415797
773109
81943
334351
809059
864158
538140
289619
315283
242708
972486
237357
208142
529907
130818
956705
974224
217202
542707
55612
221117
178633
704882
705926
42337
800365
727847
882579
303330
808183
530813
70008
843973
164323
988997
949467
975193
423539
685737
208740
455172
492787
990538
172304
285928
28120
653305
812132
830257
765570
44943
965054
992381
530465
666794
393350
568745
353843
301700
667716
77620
112491
667633
676556
444755
864109
576757
734356
52177
950262
648127
321190
822751
218649
430598
32176
223679
705892
878911
859129
150985
715297
791224
296366
736537
611640
964756
514843
432214
351474
225571
496757
272991
643800
133021
431315
952915
470522
340348
881789
655165
325835
723443
730909
280219
813290
375950
328915
253130
983484
946343
760996
689359
143412
490498
504914
537476
726900
211142
376966
932253
690381
993561
192042
839702
703523
644886
351699
790907
968108
572782
555036
549523
976599
606232
695310
379114
653065
185782
252667
919034
474754
322502
723818
701877
603166
155073
359532
97778
647032
979476
674381
666161
2089
819640
246630
205388
710958
873584
636047
785981
512487
221278
136435
605382
843004
729987
970620
143233
86554
129106
4716
549828
135131
906479
45133
470704
333124
638217
501377
42583
693288
243472
223347
45511
607209
786773
554414
376439
491358
312830
40204
543757
237776
963298
433862
209866
302047
725255
172779
783379
659714
481077
974700
363229
510764
844662
499156
516659
360009
40365
249812
297319
515047
998801
287356
680787
897458
649476
600710
872267
274456
798036
739533
325089
319243
793165
554203
205843
882789
251512
568671
59989
253733
85173
602045
759287
987287
994992
784000
88308
662290
366019
397163
601238
498779
711272
916589
604936
632103
103961
782834
972666
628926
159174
862230
259243
26107
671794
152948
706582
287856
206251
464669
577595
877414
181540
950885
248392
459906
880304
321815
858276
292931
951133
381320
898585
33767
686123
624777
77659
178093
679016
707510
569145
336246
488361
344555
733343
898757
7143
318102
338821
757093
46195
992808
210808
888618
733911
452837
435907
617551
610955
88220
797562
948414
500945
898160
94498
761967
329134
432724
130496
664616
414597
363541
427453
618722
541969
718993
445171
79628
132350
895621
557974
286249
616549
461572
11201
353876
120802
945028
256220
746468
682068
663827
904232
529642
603953
793703
557735
782743
459651
314642
659947
15931
939139
493332
603129
208808
626640
28106
468696
735797
778124
514565
646460
606046
674132
235126
147594
386121
227162
392325
198024
951651
1696
60352
946595
763561
856338
625008
504475
325379
384641
494792
810447
447690
589304
454135
653792
936106
848765
736733
884869
569827
477413
373913
13099
598057
689620
464577
908999
620588
900305
806699
779001
963122
662786
637992
675230
685855
691464
271889
612594
794711
122745
81529
389024
939642
59254
310850
69865
24846
749737
802571
235820
422331
447966
343559
561175
856495
88954
27561
773675
87074
322652
367163
560805
974515
397006
182926
533134
184369
525479
733708
66081
382647
742209
649769
86164
393839
125075
320440
600133
974455
592106
614298
733634
544544
858121
310609
808501
268563
61273
738098
410026
285774
879566
383993
897087
419340
386841
337718
252967
534403
836931
722278
862618
20103
463277
644509
211997
612620
735201
295070
534121
117896
973012
284301
939707
413559
184954
905275
272375
806136
453190
248417
841722
692181
682365
783657
705467
361312
145078
479269
632284
831224
529776
178210
355091
378475
939856
700055
205999
733173
855861
742392
140938
795815
728762
710824
682314
217571
890247
824907
861267
721540
778644
868217
577357
400154
266300
503438
456205
756946
785273
15070
999650
28917
66882
648774
350591
727879
625790
231262
760128
481871
551715
335498
515866
724791
683056
896624
379364
818377
672451
119363
629500
889241
504408
330622
708119
194050
492766
374061
152105
913992
6775
643365
375085
843741
534093
621908
698065
844927
934860
71283
100994
565054
403263
807192
838159
366939
464330
716903
795580
580108
134593
139945
185830
296925
327268
639093
813390
275376
913913
559178
237699
756709
758148
547967
517616
231125
507492
754449
15232
260919
969037
766876
918185
716069
159453
108517
912668
624441
388765
329300
910535
446289
831959
835199
752453
486259
563343
410080
990948
483913
54047
319337
205328
868749
647858
7918
987296
727168
204061
474753
969533
592275
524117
985628
582443
878761
628945
475254
926453
535412
477821
65848
417337
530300
899223
775689
426957
175742
947306
165830
825933
75249
538981
267405
261315
695716
196888
909112
610673
461891
82698
61288
83901
178680
179961
548023
297402
145325
388335
758671
358415
163888
639549
450649
364870
888752
155479
460237
192819
898660
190923
606568
98878
509131
658527
759164
819856
139790
191431
866977
509782
971585
114176
997513
743733
803464
668108
55089
122954
281558
278090
664244
398236
72913
369969
215866
783521
775570
945321
965581
34729
208648
820678
963660
785323
408699
842338
997368
795371
895790
877525
440427
534596
101151
534163
900841
532439
754408
324003
755343
30288
457415
133688
320040
289426
57147
199982
508831
519871
758853
752162
295758
835173
31182
454574
332149
761800
301607
921728
303686
435144
917674
353877
734876
742639
254592
879639
178828
931737
934077
300241
778388
214080
695781
239051
138609
279780
360466
596935
901260
603923
573165
482198
591252
408538
921
645463
888039
450568
728240
984717
234921
852315
371749
675804
998391
700298
931721
312160
226742
768750
343273
348075
836741
985422
363028
727769
41233
528645
185786
677136
302150
276242
514479
455193
456099
767420
461327
294358
764838
654368
648188
402591
252647
582809
589507
320893
443393
511178
285981
355330
483178
93259
581329
425347
777956
372845
475895
477684
655564
941740
657175
307614
607376
31280
472431
647679
857342
493760
999187
113918
847543
650052
566639
449673
269826
424372
605288
234957
453949
84387
164705
853713
347182
252706
170458
290928
343351
853138
566514
116785
581288
191690
655949
18820
187567
836960
537936
28508
462570
989336
994249
112867
62365
701159
991724
676383
783551
299554
595448
174303
593455
999048
203193
476769
567876
364648
609510
23684
104065
822961
781994
940708
276327
84372
76352
404695
629029
403160
313527
277635
517099
118522
383637
712346
616604
665854
742616
777396
819362
269974
418711
406279
194139
772270
172296
731653
495601
536018
441115
978899
956551
102141
640259
941537
560143
980159
373460
268266
411064
626441
151879
564554
355461
442968
408667
301431
930489
572860
941398
245789
494382
156292
123434
928154
877766
239688
706866
684563
740152
996179
793499
538417
246348
210475
438688
813628
704866
789885
112429
672850
287275
985578
678821
644547
256315
750440
412927
973644
773879
390870
372043
104047
457449
407585
39699
691435
331122
659596
58780
158237
788639
525855
353932
592563
582100
257966
319013
972617
561764
829508
326319
869602
439747
727789
375348
498244
62483
77469
786277
153584
193050
602432
686682
806588
333589
896543
740215
246415
339749
125868
230826
605305
932328
54570
235088
521452
147043
543163
83127
649563
824603
347591
842558
97966
147907
5766
666137
452511
111695
706027
476465
986292
191399
553070
266408
251865
45495
94900
200506
973913
396579
606364
749631
457785
120408
848296
985613
71601
766142
666822
50682
932872
393737
460539
868927
713419
1327
158251
779640
197481
834356
555911
548551
584046
585760
88531
478425
965978
335570
109266
795200
253598
19759
257425
303104
636082
868019
734798
682917
248277
987047
98947
249361
401698
328051
15378
162644
737164
143563
104910
81972
284918
760133
100195
279244
937778
780171
549028
718544
461267
903340
129903
977262
605040
841613
978303
886096
214008
313212
370126
13566
455981
400357
515877
65185
707135
348573
736385
360866
151366
158044
368420
567921
169882
256968
578293
462562
333074
519020
953492
719217
217368
874247
739902
793318
928870
792321
143578
941396
432607
360888
189982
206971
269132
940985
721569
807245
777585
962635
37629
377934
779851
435941
112736
956564
472105
548095
313840
119598
365412
721157
959064
159265
222781
432872
571892
81933
491729
989327
91861
525295
582587
204588
722353
956672
483590
912489
338922
216122
906509
721472
570297
94842
783538
637034
390327
460352
525943
461487
362888
452308
910908
195292
272228
120900
884181
656723
472323
573384
756615
335932
308837
821318
202848
222681
232187
809392
183920
672376
954485
788619
13415
967553
181225
501003
192269
247023
307484
511643
633688
71772
685169
234104
859821
985396
638956
201277
300022
612556
300705
25209
858908
309259
915645
842044
147617
703366
661936
25329
189597
262378
262134
209701
303572
813458
442689
193638
731248
613369
78469
711750
894879
976457
678367
379071
93003
81042
770147
151216
934578
136918
948992
939142
829667
326593
237138
348278
453332
689334
387780
324454
967906
379588
496608
502635
35557
512375
593397
231341
36719
110283
350564
900967
418850
497340
235463
497035
253803
757752
427837
521282
754399
846518
414166
633937
111792
13664
257240
87127
976012
4076
337132
136755
344018
325257
316968
769986
687537
674612
50746
410694
198943
331305
450669
222178
596915
32567
165083
627265
540896
798636
512112
900439
634383
316464
960150
63104
241688
953198
703234
149316
540956
267053
307355
771196
972097
98237
143426
201870
394891
875724
465090
478803
276180
861976
870102
919898
241448
817535
651281
408966
936831
247922
596206
162066
808023
651848
78196
923125
372846
720943
337285
63648
764825
868477
325636
88613
211140
211364
395041
126001
524935
430788
665411
121722
972449
596443
252689
681972
784595
287383
527260
528508
104667
307404
142188
269848
554571
449217
889445
892118
932230
532773
40405
821392
226519
285791
46557
60625
23470
907203
566330
939474
719224
723808
212400
503261
449818
634166
653778
69523
278473
979141
653936
21705
269385
888704
164829
156428
995775
831265
280539
387909
53173
728342
103654
310776
572075
261657
223514
767078
245268
842013
819201
402451
40244
219620
908349
965218
722707
687853
524558
587676
4062
871947
596097
303759
701979
86417
412534
580179
31431
485866
644940
293032
337295
734981
697323
263163
870247
3501
283245
992071
232585
489206
381098
911704
971213
449171
365406
343404
186721
620549
876089
909938
463334
881390
821636
217780
253736
307076
192683
603792
384503
934945
291883
682785
680358
900854
96408
772862
804000
179168
941515
545944
591970
527379
40232
783239
167448
710002
465224
543198
278552
526657
874311
579834
431029
791922
329195
680154
846017
90075
99567
534632
915875
102025
879276
651030
8912
873774
182179
616036
276201
934133
372841
283966
188465
111350
734447
671361
511786
707397
975085
567390
172299
327653
680171
931607
226143
728922
217132
893543
141052
846044
870391
35966
434207
560552
645059
557290
662625
267504
569214
790417
655000
639410
970426
301915
623757
349798
949749
258476
888853
943440
55427
836239
188622
460790
818842
618990
755640
265068
648186
124029
749997
607307
758327
601847
775422
433728
113444
855233
523884
455488
492190
788714
178688
726425
209202
861076
155207
927524
147052
597676
230702
79447
825725
25236
789365
598839
597831
683171
261523
321066
369929
529538
360359
277546
451874
235575
926358
138646
17859
375166
956613
586658
481654
60115
320372
801647
484613
555533
601397
868918
900488
562532
412105
980893
919887
678739
186902
560940
832168
228825
192966
896921
81869
166873
113278
475327
478573
622625
418041
749229
313237
638855
812481
212315
185083
303599
795786
717368
636263
45354
8683
249823
260158
982393
286393
768423
34605
824943
957186
574617
840494
802868
945315
81213
260218
984613
351111
582477
220427
343641
697724
556299
339597
275519
475251
233198
460577
334883
694420
53048
865548
162895
951420
861283
662914
15694
701780
518649
532619
817676
45519
212547
395408
799513
560639
760089
443781
412876
65813
746072
380978
65540
319603
475378
656735
757578
809008
875872
615835
432338
90279
3762
985321
101345
76860
76422
67592
659720
494701
552791
489886
310350
30736
458477
977408
502636
458671
669682
977504
455281
299388
889061
96788
936198
663346
553511
899391
368396
79115
989299
534238
576673
874072
548395
481777
329218
251008
767309
252739
851210
45399
309700
314008
809561
331162
702619
852275
154448
580229
762700
700801
606712
597969
158135
984229
859138
889549
193006
885281
71529
38680
952493
815389
816756
515961
319271
293912
234263
432795
523067
306088
866937
875944
741318
773871
393553
250752
317138
550172
308649
397526
271275
479067
495301
646887
478354
797979
906397
390296
670411
776313
801285
242476
255185
835470
496493
82463
489898
52370
944261
698273
656341
145707
282425
228722
488735
633238
657498
417942
422740
168176
595420
631286
51283
876194
382908
763155
963259
90215
774906
156519
823361
878204
47236
75418
820388
854755
444339
118494
396855
68563
960423
739933
912767
197932
203722
868116
793665
143768
31985
522791
976419
738189
122169
851847
539466
102400
634344
529845
383424
733885
895182
418198
656796
82058
688375
483624
561296
383592
398025
343316
652367
403127
355329
382745
330585
22585
843588
284392
779748
31727
51045
877583
494825
113055
925362
121037
209096
140855
398523
205508
925656
681164
292192
848972
712911
65083
870550
664995
80011
912880
958134
973187
212795
365765
356673
19532
320812
74818
875572
389409
962612
926979
638724
778831
324405
396471
141239
834854
636366
675908
552351
319724
992100
174152
377971
902759
72008
854587
960011
197913
450629
452720
968952
925001
752649
167162
393085
874555
782126
159211
819502
118785
642083
230264
617764
531626
285627
370040
936475
378777
283026
921547
102120
805938
154648
602456
555097
856365
981435
114030
337963
867020
669173
696844
985122
441961
113455
581308
971785
971753
11600
541401
203590
636749
638183
769330
665817
885671
56625
813575
752177
1641
772679
230832
26603
806424
163175
269725
343080
286496
891677
127032
215881
168194
518413
931495
484106
908905
581664
326573
76152
998682
255881
383024
826128
996168
486579
494101
936630
108551
20361
6215
800590
125849
443553
638871
113659
67237
827526
682558
72626
466053
76000
939005
555450
679614
609026
153829
236930
214603
277840
302131
618654
922642
68555
992979
994208
739256
979835
754949
5071
991952
62584
832157
134343
942510
620564
130020
494188
505306
413096
264989
42316
702816
819642
723874
993937
171269
209736
116780
580255
622740
390771
484912
716752
107734
535691
636839
710217
344287
410739
840487
753913
147077
578737
945389
553326
313836
635924
730876
615251
49277
651586
83806
977610
617077
829149
412041
124386
390937
91922
532765
422773
468232
194558
105034
56865
249512
569212
678927
96993
900418
645071
65757
68103
69482
78825
186202
698584
313303
470934
556417
779716
299665
199944
842854
403200
910728
178559
674263
395714
974144
941205
171166
636568
780458
976035
965412
466854
679759
453972
635376
58170
242981
314692
87244
339982
74884
288660
925896
238553
752946
146317
2072
837650
782874
198126
110168
964866
657052
992083
454192
982084
710462
619972
336659
862684
829951
130712
490785
609266
586956
880900
207021
758954
447692
938181
186520
494560
455318
528933
146908
987589
832066
733740
470693
313425
122653
824103
363161
631972
434806
147278
53049
526909
737557
996884
19295
440021
52939
267152
469991
497561
541477
397379
674219
858435
7354
129093
911526
727636
55332
976209
549242
436976
674955
664937
147340
619157
354461
914983
881101
718649
532058
165666
181204
601408
189707
209081
909095
911959
415698
898111
494937
936880
452829
729219
787853
947866
498292
731770
202840
182204
584882
201740
843269
316333
440977
629304
407090
383731
26462
618084
324823
949143
59723
771013
561895
906977
323107
844199
886158
656310
575000
689177
125531
16714
347960
585273
440504
420355
543742
528407
197716
468524
737797
755721
585185
567506
618008
736395
819705
737343
476132
42704
261852
727376
585807
987881
534548
610357
415777
784017
604217
60293
674592
810515
653201
299196
647035
268248
964623
415698
168860
357329
198972
638840
726816
800445
649779
316146
44835
332311
107462
744332
57012
72672
796991
999738
162984
456900
112128
684240
922250
738988
869836
269786
741552
297055
302942
739161
31337
800853
112759
196635
805522
933338
772598
776821
911624
403355
762207
223072
313143
80977
347006
275182
795793
467015
213732
354791
909595
806665
685264
635396
108513
542507
213162
581703
235018
609907
772328
201717
102982
407204
181139
698353
466723
333992
912100
819639
523327
879001
281544
382385
349400
84844
575299
26809
614015
317626
688432
683500
951275
758700
631335
820007
654314
717827
287031
345249
907379
526338
405266
678885
989590
960504
364360
960362
890900
933230
495084
896657
965579
823593
847123
697466
827274
368604
155962
112834
594563
278701
531655
10973
465054
190946
955880
179213
604906
673896
294104
506301
523502
361792
637312
783612
126302
171526
671674
600793
372201
419167
224816
286295
499567
649407
407459
509389
407120
467733
484296
89565
583840
989651
436876
954126
535030
581469
453433
529161
388260
657485
471281
693357
55936
585889
10326
262991
277089
37698
205196
918353
142438
95729
314966
53021
799984
713680
111965
30271
93423
216523
99855
617373
485914
433313
387172
448979
659576
279891
449724
787631
149020
948711
889573
913926
287214
57881
589496
305201
922723
738655
319842
356840
857230
595480
208384
720760
247696
176272
3492
381860
648235
255410
457845
721302
408693
938571
503859
874944
488360
740791
383447
206100
598870
845546
409368
857884
691898
368669
851594
447414
116969
439570
792353
630000
633831
581958
588116
110076
577045
804659
704477
373648
409992
221439
238876
909085
887606
601924
389595
128617
792650
68477
165613
603787
732695
695497
532911
680451
471016
671455
8304
277427
94965
24591
839341
790718
258547
961329
324341
793532
776195
958636
224043
17047
266442
559908
768490
182725
26720
353473
256835
61858
632737
425625
247649
123496
512098
330745
248654
555662
702718
651669
735374
638139
317134
672649
46313
346086
429494
214347
811655
165772
858460
169520
405875
230028
163764
215383
425986
162210
782775
474550
805453
353022
274994
498559
983449
374976
545531
615854
321880
578643
579902
83634
16712
174819
428789
10549
792890
865852
587190
459658
660525
550017
435750
284594
497049
696069
959115
296715
326535
233609
