507209
121952
315396
618277
126840
969083
151443
635085
265467
497981
919082
816018
41788
872579
33601
279908
55508
308364
608314
927823
876429
458325
535414
357544
824001
310482
566339
135570
896417
317770
263859
699245
720274
244624
456072
694749
584625
717401
771211
104242
118199
28223
811324
67449
362936
12369
198627
246430
141637
619860
482949
160764
228722
77147
83762
178691
306866
131262
941179
371013
435166
294522
95874
732253
749716
651813
554922
740028
371196
934348
294508
212753
528486
957739
113163
580053
458895
639496
900320
269488
202499
456172
848719
869515
839708
115199
315674
860979
901800
438271
63380
511526
667561
249244
527789
720766
229686
662132
26092
225015
962046
979238
150588
585567
275308
7637
839645
523865
850343
436155
294395
334029
8177
581223
147164
584432
833711
750676
317042
3819
606983
374312
274960
285034
712997
308550
104634
469444
582169
525648
998037
595970
214554
990908
423101
755342
86126
561617
795893
183994
545057
685503
145017
101353
326194
292313
953648
154590
888462
767984
783101
259295
234932
642893
377013
854853
750263
392266
144811
290019
222242
85197
269606
26385
438773
302562
897908
224276
425294
202357
10200
467179
439075
703785
274078
15864
174764
634071
770832
427722
753629
67814
592513
186499
208465
842499
503430
535723
440450
280381
96900
345488
327477
73088
278245
6039
831859
577196
180645
869988
249393
446098
196424
586337
164113
203019
162862
31279
60161
758964
286910
507431
618370
670601
387520
647883
358019
647965
123783
42383
536235
30515
239883
902909
109558
425277
534677
737993
246903
568942
142227
444209
798331
221054
471179
181264
443214
391482
218989
730817
783447
503237
775041
271018
487966
765871
902015
293228
527534
992111
73789
594277
517462
356928
534019
145440
297225
100118
200506
791002
129189
88636
466819
702962
386065
60364
263845
290284
409023
488394
97630
263073
518737
142109
768218
529991
925848
869418
132161
389401
83575
316494
584107
742115
413094
490872
396911
278508
56018
110818
968793
494463
335906
431786
560441
145880
678037
587921
965016
503336
913927
943695
400582
639173
428114
811344
130063
353073
706577
313807
803980
221381
847488
51342
983893
632315
165823
67887
597524
711573
635702
866226
538485
301356
803154
272396
12985
903384
615404
751456
87914
900601
319179
170140
298793
682080
842432
591731
950115
450142
899632
977522
912418
584358
898094
615553
886335
124129
699398
267513
108086
115791
872727
856156
588050
632084
834776
855669
388167
265703
564347
668621
299038
590802
792238
13191
885579
533414
619006
710873
449498
914879
445910
380135
230344
650864
699302
129534
983534
246538
397791
725225
73944
426446
551194
546932
826612
849837
369304
107515
730406
327031
890148
416557
27192
133160
984981
504291
780335
812428
228720
669527
998521
995659
485162
368962
536194
445333
778122
582678
323365
958762
966957
565973
192255
786694
69795
719564
766304
265896
450487
690096
719771
755198
625549
369043
843645
9967
867299
64515
750362
103556
634490
674560
857219
963508
306958
753495
393299
726410
564096
877215
744745
832309
126677
693583
208624
985132
418199
952763
899161
531196
963353
392425
60202
709167
982104
895380
387952
597275
392509
409852
517776
325060
670208
610920
446076
851695
536230
596730
451649
509380
393578
130477
311228
520286
684986
299885
953388
801971
975768
548562
948067
319451
770081
467003
228375
365694
152043
254019
679381
891871
220039
972259
329813
942591
341861
901988
274280
194287
909655
905214
981198
414582
60974
951634
321252
631898
893633
498881
332346
201871
717836
184551
5891
331129
562356
817848
645157
142880
789608
266165
875889
579759
884388
956938
517997
834921
661839
745415
463564
956457
253892
361529
829503
721364
632942
591333
382116
910557
284237
311456
406173
213364
629845
845198
846780
909132
466357
134581
854874
369351
815605
635069
935047
697409
472312
333638
853403
684470
307297
433574
27691
143633
218194
651709
676311
280722
325904
836855
60609
268122
752771
258782
489688
975062
979993
159642
994834
720582
593161
361542
290680
428329
515893
110703
369691
85447
262632
176747
439844
503642
328063
885972
485897
569690
12645
704288
647068
969956
32055
911006
531965
220870
59334
142735
209008
435753
28666
404127
546697
984924
727315
662014
720708
602041
799563
849184
643889
82294
906968
324941
370444
202314
776717
266277
944555
820345
933472
73332
190672
685886
6790
600174
870878
83476
674363
631239
774761
352098
883806
976305
751526
88257
895416
619379
992897
423723
332829
486755
794446
846721
958635
807872
922135
193016
290095
491182
29139
310178
541160
200398
512376
814677
139235
902457
340840
113786
974725
514266
49670
325748
858471
952421
861228
489258
203675
31480
976949
893491
865294
539340
307189
534813
524230
239576
62600
37274
592970
176706
153608
51208
945760
336834
525656
756571
416881
904982
809181
899242
302601
52188
283149
268882
974331
214479
123615
945931
522785
909216
157794
70981
301121
418544
538922
105854
361484
397160
913380
293155
534912
894582
156427
580512
941229
410404
973683
861830
555092
632214
95043
243160
857898
289120
869184
745650
967357
594882
176644
870423
343662
552001
557005
466453
191516
322275
492273
917207
387233
700806
525423
822215
951222
95005
404834
501278
985330
388744
651535
421577
173551
123471
573853
194553
2509
295100
124068
840136
537552
74706
69213
717251
578597
860141
789370
488536
194114
225463
587151
915421
762475
657028
774317
134138
89744
692299
618576
764661
224787
783362
634478
717016
170280
546837
165679
610497
881750
307842
22012
449286
355610
613908
617649
885122
984234
658681
316588
526913
182615
745410
785095
779844
420235
327160
306338
419697
476210
284245
227289
81434
882358
519654
188757
25448
708002
542267
965630
992868
908584
999559
114126
422497
542526
871643
872385
684874
144418
323578
516008
738820
708863
139928
259293
597055
523368
471668
833105
39646
116545
648783
447361
943616
525628
463815
688456
586539
914433
502997
905293
177749
565031
996192
758108
838734
873439
205691
567507
337357
394993
935682
913779
888725
631518
663756
450198
807939
528675
236045
378943
185591
301215
808971
892429
874013
861260
864827
731210
656215
613161
151544
539872
331913
713528
554399
145771
999488
323619
947529
33322
972031
890234
638950
69518
244648
97175
476018
503285
881796
115555
447127
811440
996783
811953
408031
419712
318435
829192
871572
743648
37151
219390
635767
284604
965491
29247
7321
92223
624683
469485
538265
124490
237269
192994
657274
788928
887409
204432
520415
706878
812149
139210
967334
4584
816186
952539
554527
895519
216774
705940
612200
236622
82423
378852
239654
325924
990088
491423
335394
524764
149955
166369
907517
709303
813251
359308
352017
987916
265829
569452
956454
893877
110667
95548
110286
56171
588
276290
624798
876460
184059
56917
701449
648280
757523
91711
712282
981916
989308
642813
87694
995077
357692
146723
713163
945590
183741
128476
585345
302901
230262
378255
948956
196383
335353
28894
728803
399420
320921
6792
470128
595373
403062
697838
342924
222466
691879
546931
825958
253864
51074
228284
813872
629503
625803
796951
307671
895754
212342
156664
640605
352640
475610
634846
623060
764223
502389
951380
298873
223584
883926
671699
483050
928357
159595
472452
375685
89423
674279
670564
290911
794381
583439
150593
912030
135310
314018
952801
598004
797623
363171
225153
768632
360689
201028
150779
795746
934489
64945
705153
610595
886875
644022
364357
748255
19353
23949
6651
464840
832772
784968
155574
579032
66638
470167
837999
19883
957622
996855
775269
148470
92674
987640
590238
905576
782219
858984
861387
454619
364978
259297
303561
69559
252848
18284
316612
470884
82060
773137
442422
203753
160677
873533
238285
136870
469231
46285
478123
756458
263419
735997
226823
46322
724526
124840
824112
565695
905939
637371
785330
947794
553229
566970
395025
539783
822885
960814
615794
391308
244930
828458
468314
778492
259510
706169
636237
925916
586740
413415
532824
490736
625248
133928
144491
239227
227519
237224
150238
872978
394958
932847
408916
470108
770414
995120
944253
829800
373884
303727
102069
673515
606207
564686
780682
125653
637243
491442
454683
803086
438626
222230
152027
558930
113770
41452
782453
955622
438394
688811
465930
669621
802749
8186
230101
162316
995289
472951
199664
720303
424762
426724
540783
616470
848392
3758
652138
201479
616631
944604
32473
777553
337468
49425
999383
926946
573661
497405
82313
47878
96161
60582
277656
894140
577127
353423
47386
153783
295699
615426
845454
504110
240867
193279
877062
871776
448287
445505
120095
646248
867183
926633
560364
754936
294599
438026
362417
334197
693885
289552
412875
196335
97786
142989
225453
970939
6607
100193
88261
636399
46623
21254
407165
362042
20026
313526
314461
131485
675403
580985
413325
559946
103271
491022
155064
896215
2373
81269
609101
882591
359437
329431
390431
741814
27593
314707
167212
953158
138424
9063
398907
300235
144833
519926
423646
924071
230981
391995
24919
60578
924301
895691
998615
254978
304674
956224
385570
627523
814780
342792
92430
525108
830162
582984
332073
993454
473296
696622
303034
742385
188007
804370
877216
996636
707262
403976
258072
895305
617094
951108
617370
895811
515179
71722
767330
538405
586918
98418
26316
781008
886447
312821
303320
195784
619280
815126
789518
263147
517653
561231
826747
545296
887392
820439
730585
632248
118809
675693
289804
736435
352450
106820
172233
256531
762984
228875
554641
618373
594037
657368
360731
223057
244579
520816
987856
643054
231691
890101
487024
630018
565787
517293
101138
792694
259686
126123
126088
741427
47510
115548
130849
441723
863228
670960
681736
72806
31112
164706
602441
278455
57492
544358
777012
875226
601050
53295
512858
420860
601991
467546
183220
209479
766375
564346
491172
491705
12351
509760
36499
420384
423609
593991
321273
534964
219706
36538
23418
758224
86352
466211
354926
356047
910215
330512
267129
928191
482970
106084
679449
295685
843207
639863
675391
472461
448379
791659
106452
909547
676653
197196
991260
423379
771527
557795
16504
286897
389758
940696
175941
983654
758531
489665
328674
37728
952337
568011
381584
677333
201511
261891
366706
33372
342416
998018
760371
618280
988125
528819
587206
141409
398645
240898
441545
940769
185603
210723
604547
26696
317709
879804
229708
244732
228453
826544
282700
876928
719224
679113
440219
485936
139203
718657
459784
216342
552614
736749
566837
997677
659217
173447
159264
689776
639835
994966
62972
317085
364401
64956
413181
27723
28203
82076
927219
932197
809850
637606
364878
46786
319422
325248
780544
722850
228340
243218
288000
538696
653
508334
484458
73135
625369
339739
856451
829738
300450
163133
90651
222043
517718
23330
765323
454671
588123
66923
96350
294069
974087
923989
623756
413433
442216
892963
778465
638466
493117
722922
281981
968196
834824
995640
209716
527490
752571
749538
659157
854948
334159
128873
689992
892400
881204
348680
608017
368616
413667
212765
580657
351616
516047
699185
529451
942587
949561
198310
841124
404449
553955
664572
526308
607
294172
586560
388601
746299
47802
509649
931130
854834
367142
211344
327145
794031
325713
262116
136754
924266
82629
976998
611664
223516
635734
999920
310863
181274
990455
151485
237548
222613
326377
487549
727448
199149
782861
865848
728795
30253
982491
615324
543510
757991
226859
334245
626145
740397
835889
781223
313554
527017
426438
91707
96415
371098
971745
994116
785627
785452
797796
410973
803292
179314
649362
829665
462718
375362
480735
241046
839552
763117
958880
709174
911563
292377
540578
940636
291091
692861
985366
801672
929430
149497
225514
444239
412418
800848
935986
796962
104500
540995
556741
997944
97370
5451
75557
901915
811833
604146
911766
673228
508362
662542
112079
648020
235008
924251
80078
967849
515045
272116
797574
451449
658722
222382
537204
900821
150557
187985
934864
835005
857661
397876
792030
63684
884105
680116
172707
535840
883950
782096
179509
770768
672607
51812
804076
939626
101975
583104
405045
101056
388538
984165
537732
524974
76057
37531
208809
265987
136468
891890
957116
49162
160858
546771
957619
486452
99981
488897
405202
796131
112832
503666
996929
987925
795298
214468
322617
340203
361972
365342
605464
341653
343862
837284
472213
320669
632480
372566
539533
315852
825036
958022
564476
580348
201585
508852
28935
105020
47305
245959
559541
638681
61972
611434
30398
473871
582966
835265
984636
321804
780732
605703
310014
148637
115324
993670
559100
42040
143258
78705
62116
901797
548199
462625
248979
261321
536163
268011
748383
363408
138275
101594
200849
781046
350670
515150
554416
157363
493185
425904
797368
282241
996755
829328
538730
796683
186226
812062
40701
53171
783916
824642
87858
546240
848458
392984
94981
107491
977687
867211
906175
43236
898558
128013
320488
69294
737233
537712
773338
645363
67878
320740
7665
559485
292444
620622
945567
176403
268155
539521
65372
763140
467129
803675
724154
239635
182041
354110
971350
228414
365678
112682
758059
956333
4926
196276
302144
959156
774081
775205
2882
30277
88969
239026
307116
286709
117883
921811
199586
942121
816059
361474
47774
815773
891366
793105
237185
180496
544249
810984
348491
91088
181327
160474
511078
175901
66055
860388
791581
173437
38212
820353
649450
674652
76173
933485
409004
404637
494613
568436
690615
618177
26582
2805
738310
908338
290518
915256
919819
618541
693388
124521
809063
687562
658907
374385
397173
646186
371965
467120
754049
375612
515323
516376
885719
551659
672536
340009
666613
579944
557582
516165
791778
470991
806768
785327
449240
431929
502446
848868
722908
869789
166071
123094
601775
734243
324537
353665
429276
559623
968388
240300
369970
503334
108364
639678
222156
268713
175885
715579
677836
895435
591561
141017
995558
372360
422253
719939
473624
773475
673106
872937
457208
238548
309343
565890
339813
611981
351243
330207
32671
948968
797888
205293
347187
601775
685275
514823
742095
359431
121552
604342
963828
733689
722091
681862
155784
493918
886897
55174
726347
890407
279589
131995
693282
562311
751334
560065
389519
854205
472181
866336
522370
497857
420629
891718
875272
414986
316555
656455
618274
226042
978309
399470
470449
596007
937367
436191
505036
378375
162720
344075
930804
30583
854155
413710
846495
441512
888753
287976
723824
506663
193820
111382
4808
213511
449063
523532
61814
928044
502977
827154
103626
186615
379216
478456
307271
533065
862770
385591
359734
325558
166686
418406
256599
790280
830953
17109
829171
863277
198437
884426
629453
838974
534564
169558
445686
252460
627674
503698
10752
85449
174880
540475
476490
950705
498389
901479
211259
92627
997151
287076
600650
384159
875215
528364
823033
252046
388067
296646
404193
993673
598436
976827
780777
58615
579696
895795
260240
59366
430418
320813
899050
591125
648909
528984
590888
519963
348216
617808
313423
231800
472835
579640
193931
913015
882711
709744
137245
558716
732380
649715
236591
494768
247636
924432
651080
409413
561764
737475
586010
240616
499443
684912
113657
851971
258219
271931
446630
484459
902365
300678
597450
426221
924545
658568
298238
813488
123227
963783
110727
920135
314360
630962
32095
493846
780439
204125
421294
141661
757285
618585
594392
718310
52449
248751
33967
872199
587295
259001
750025
874773
8424
559390
112237
129317
300286
193896
19943
396800
366269
82692
781563
670498
165532
804373
373686
495663
463635
11636
578976
415795
392535
320713
419277
586324
513
427455
776466
487447
831181
477223
43477
311691
126333
8811
974526
395798
846557
169452
81482
340698
973858
320571
680446
242051
551404
878769
128760
430511
337387
525676
563808
175803
882013
422822
91774
795814
165365
901747
970406
451557
242967
117591
792974
744387
954560
36225
576384
51441
35523
966056
490602
862833
431726
710017
531
640347
263435
744602
168744
808843
343810
289366
619701
825384
108700
188805
706479
26449
174434
154143
789997
830437
607588
988510
691639
551599
267605
458293
33719
732781
601108
230704
57357
885372
690822
125993
280254
901281
742814
343204
110284
880886
857918
418120
242464
422895
938871
595579
77476
838024
520749
623320
821421
797645
32790
50832
208598
551429
772065
940762
486824
218364
66099
724504
657269
30764
184844
707976
439044
951559
359624
790179
721702
353764
108034
310358
703271
228099
909523
727194
44128
138622
169784
54962
637289
737039
86545
339584
419309
54008
526854
177477
445718
597203
861828
472948
498854
26998
109029
349489
358695
581762
458414
494763
547259
760777
743858
701010
749453
120537
52243
309495
782952
802345
363880
372672
820390
263519
317050
941892
761088
822780
447401
962953
151045
16229
938860
443991
464358
911311
603894
578616
784942
757445
624563
886159
163982
806425
97777
701523
446486
631333
406044
257958
318336
87229
104418
261718
662183
485427
537397
198063
259413
882437
406703
540602
881657
559271
2959
463063
742263
741481
553057
538610
774682
10118
233404
201253
525477
847240
142885
248042
66503
519578
699345
718907
588396
915308
635336
240136
343280
250429
140005
220500
908334
431688
387642
681005
794103
25165
758416
721286
598431
105594
671564
392178
463409
682614
605677
461055
69122
381067
176945
987053
150691
191085
204567
542154
62512
142187
284288
24427
723269
84017
626671
988617
488976
86327
264879
682997
806914
353738
96788
422521
988063
524917
920857
244109
410998
770700
576552
828659
393898
188500
235769
85552
199982
178066
245522
508647
463055
917679
690668
735443
96171
595141
488502
761568
960383
579976
56243
39399
853278
565395
521918
638084
208190
237006
665198
3926
718637
684474
121940
770387
636193
933721
552673
962309
474220
264957
426469
826021
620558
3243
391282
595090
169700
221610
595807
616046
386559
474990
385448
58262
276624
603292
971315
751228
489087
420986
991213
832290
691418
475189
816595
147508
448938
450189
459917
910979
903266
355041
415860
797402
884017
115090
374644
848767
944759
828183
741645
752839
788691
200221
348915
116054
627291
983449
259350
43891
11749
123179
997820
462020
919234
563632
513033
980330
744139
969380
819873
291451
655635
885106
66212
987032
697340
740443
894808
145899
786021
728037
444800
762497
164361
724729
448124
20355
249341
949516
454974
60533
370199
602109
135568
321576
933920
721435
724617
456966
67091
120193
416835
753667
46310
55961
362933
51058
946743
868289
695276
876404
433812
154890
786283
275467
712487
389469
923931
894540
5500
495672
29936
823859
302513
348310
933467
963472
247097
243053
220389
524192
487372
7505
139503
960695
520367
769334
969091
878168
794843
432402
427542
477095
63117
686177
600348
392757
60073
691650
424968
946747
598988
681535
927455
42659
11821
249066
621112
613311
67310
602722
120338
47708
265797
223477
550994
67569
538305
345375
738199
645362
679740
86705
350716
22402
915484
116941
500265
666629
684677
163854
854614
304147
216351
780100
568350
306888
13375
146140
468283
359224
876980
22303
990628
574272
697649
979409
511808
98360
872786
415929
88645
404740
144460
93953
912882
922058
30838
303091
788645
323709
146030
799011
554458
486360
563049
109420
603200
36263
258587
70738
685113
32767
753599
356743
956719
11278
56387
896713
131534
300941
800148
398312
309217
139026
785025
333349
656012
845505
634126
892022
445475
344739
363800
606887
319846
121551
121888
341018
727899
788932
978805
541487
85510
272921
351874
571071
923462
756875
706098
673345
627919
56758
897915
640463
760767
887391
628558
995075
746143
615534
68761
79547
888377
596857
258359
538493
534481
354490
314038
590195
997761
123555
356802
123671
563252
684808
547506
630954
405631
433403
996911
28701
783447
189942
262973
120787
669363
910064
955303
792510
892799
67538
746251
553190
919865
472835
12735
527176
871532
524896
435295
840731
473223
371079
643893
631790
795546
416722
320899
450541
449068
769762
456303
727298
35579
130193
245068
255191
514385
371913
273665
335866
595711
648947
821144
330970
414137
713671
83109
773742
303117
635842
331408
569717
200577
378166
202882
691480
46665
151995
818856
188459
31458
185219
345127
397266
877070
893259
404764
585856
328236
261038
608334
572571
780787
402516
784051
15484
674507
443783
797787
304850
68744
543398
914045
837605
753220
807474
735005
591928
977047
937413
303382
731913
266293
554851
58569
9394
210085
529641
84834
380977
525594
277282
974148
134341
828784
591673
845393
878063
464964
651208
737431
971672
788592
805519
383130
480273
526178
278784
177978
268724
938007
720822
631297
398122
955641
931142
695627
536519
690259
390894
271506
181647
389549
341291
228438
391260
411465
840550
269925
260119
392248
782286
801868
656419
986713
513793
355226
733594
976687
517923
657229
740719
657438
947281
522844
921971
848002
741552
120672
436979
926445
249695
872928
710654
858363
753355
978295
608772
204114
981472
887524
902681
347579
166877
443694
853721
308120
555520
698290
123558
781569
542753
689995
95565
574655
478875
139100
660999
990244
295076
291645
122203
88645
368318
451007
728417
67222
841990
546206
844385
20000
188202
136514
44057
717153
852408
621170
623389
178496
924049
141654
43609
875243
177084
860838
929266
49871
605783
284853
955787
104755
281128
302356
346468
84210
322769
854116
898012
190611
327714
343420
234711
239430
463817
897714
994746
815806
941412
401546
754515
125093
41207
272249
375510
306433
216121
266388
432514
608353
282889
338522
838499
577027
61054
920346
129840
945990
357083
237763
852052
39686
176545
752646
381962
660761
479743
566698
931425
507685
17765
283692
464479
507548
546230
626192
52162
688086
370780
13256
800225
157321
72117
454720
896818
599271
533739
806148
505189
886869
976929
18831
981229
927555
70601
680113
738334
129644
573202
145691
651825
501036
625471
752906
80357
491641
547731
813774
278400
818815
314472
354358
836916
204828
146784
526554
871580
179189
695730
64581
896485
566259
426214
283197
326602
256862
499228
838959
802423
688340
808389
606396
679503
477157
639925
940570
521
851214
472977
739816
791861
348497
90531
558291
434333
84077
714252
740702
56966
50047
291801
739089
223062
408501
148270
479744
644495
55147
434526
349174
927993
921508
32541
527167
649630
762662
855245
581391
991471
78450
863860
210258
552900
778910
654799
671825
179521
630673
886143
957630
852628
380507
258146
409180
635162
329454
515581
182221
255009
3581
45653
36153
68680
756656
28445
779096
626435
352257
431369
75485
248507
707830
606657
764928
89042
894075
615345
695334
867844
348955
352381
815406
85673
254939
92498
378074
138967
933235
896920
621144
317860
544298
128323
496749
11145
624589
825353
322941
767074
507531
975470
266297
471505
661040
788346
831141
850243
9276
721804
200388
146442
129376
764425
495139
66346
600660
664045
865344
656687
437271
803713
767189
120763
481092
442285
994756
413342
492750
844709
54944
786334
222616
163007
486869
959254
92980
404965
168886
153274
813301
133606
164065
29944
905906
209767
340817
831802
820250
884854
306112
41544
361839
144895
184631
180683
44257
829399
960371
684076
709512
818742
345270
382235
716796
764162
674791
398764
324116
729222
120486
555163
767738
274305
343536
579312
315432
461019
977260
221694
452545
337458
753360
109573
268046
11923
436275
775863
645011
305093
417199
412952
754061
674687
559922
397054
859403
857081
239138
542328
404774
46495
53738
913867
812063
981154
449126
485655
780819
381673
929639
560089
858845
698534
805027
11850
809352
833923
258428
36004
897839
766906
45931
543492
895348
995652
373385
455594
7193
479209
192314
259422
504126
435638
256694
845294
625783
887949
210485
686354
275849
942934
708407
201904
134018
733203
85165
107194
315186
834066
771015
685237
463241
807227
12059
998549
593103
868526
371589
421178
269206
354019
829186
643695
532622
378750
416615
934744
4998
822995
49667
317598
593445
846735
652966
493763
536384
831650
855163
171743
437828
39496
55823
609334
110412
659187
114288
906034
819667
590743
449584
997825
775875
303761
542345
771917
371692
970549
654170
766932
434256
869042
58960
706085
625627
985124
620000
174198
279344
554294
562352
382052
982494
541106
656533
77511
470449
835559
140919
674801
729253
454774
104017
30660
175926
19961
256277
986989
78546
504783
804012
490817
510512
357896
401883
524082
378554
745002
601537
716398
268710
185054
83581
112532
378531
597370
462700
216019
843950
955372
904848
581345
790851
827775
955532
482453
76977
783949
161419
231586
190086
914050
505153
221425
332458
18440
755402
335130
502856
394772
826990
436222
576103
978509
572614
229507
39511
612820
375416
835821
23686
20340
602973
113814
351538
243048
113668
607946
762105
607043
919056
684929
407948
256768
584636
885049
916034
645094
894015
158064
62153
624983
383818
279099
333047
675510
573295
724102
763902
894451
402395
432489
929214
114421
209348
309731
486965
642851
420446
119861
166801
536974
75846
528605
396838
285694
798018
291949
188603
16727
510176
188808
147455
83239
627450
121721
145561
96975
127515
28976
48925
179276
877180
581338
968986
891490
13991
51932
316304
317284
560189
287211
101247
36450
947859
958795
467610
726255
257078
965793
441883
581325
357903
749623
779056
247160
746594
197069
788499
517196
289008
837910
578295
258963
949053
214934
954142
183343
421228
913813
475591
855904
999430
929728
819461
593907
68761
506845
468651
875720
286589
562857
887332
164606
43186
887505
1247
279101
611301
613513
372391
787423
137617
751819
272848
410684
791170
8431
665549
437136
200310
237219
105759
697291
760348
540808
252008
537206
820094
704362
431198
10301
870202
982553
506779
862621
268395
428968
133712
447850
358184
899138
822746
853437
199394
493028
129517
761530
301425
745402
488876
789498
544616
792346
966363
887577
573348
626711
683692
563165
494884
507587
906613
14977
656210
616773
5507
56414
592672
36818
150344
335861
160270
189195
929967
56091
399880
364211
976016
40897
135979
242444
121151
617247
99496
957709
482239
789757
895873
239681
62100
855582
26993
517246
155702
853961
937960
676097
125986
996213
228084
723299
927306
260624
799419
536890
580908
309484
776037
890063
497536
331847
366358
737911
443466
77621
347737
129296
530320
551020
310360
341786
653030
49900
833671
121199
480933
845641
292257
785632
64058
638486
868107
365230
389594
997936
390676
122018
110099
996708
401246
23753
342654
112318
789334
388496
334353
157807
381918
747895
61265
455449
206669
617397
457572
720955
611276
203625
443396
98292
676065
75960
631312
536181
421064
708231
690364
6728
941885
811862
865321
775927
101655
183287
821392
844378
860366
648171
780119
230337
34397
293976
559366
132858
425411
828968
459731
266431
276899
424192
608217
462847
566731
92763
716135
301959
939409
405635
706997
184717
516185
70892
376498
620377
574900
918061
715193
336976
443363
369435
893153
85087
492281
96964
755507
685696
87646
523333
53943
764332
543023
580105
272807
31965
207683
717918
294725
869887
355849
932021
86280
60211
746125
608246
738930
285054
627225
660030
358909
656724
53176
205174
612723
114301
688278
661137
178397
443170
548995
346721
819475
709815
958230
923671
821682
574404
348590
778453
322540
682961
898964
694962
122682
514733
532412
504841
501740
974619
263915
784958
605792
263130
947122
732815
993617
745296
143832
511570
573319
378706
925654
128529
121900
791442
97275
660862
835199
162854
58288
797780
757473
711793
446486
857869
669389
810992
414411
12858
483237
921635
152844
758274
613543
822677
160180
911801
79166
124298
169891
883740
479285
89221
195770
639207
832518
30451
766274
438099
406609
737079
548524
467503
816296
915475
943603
910106
915143
831535
288798
867547
895265
715082
752033
558301
160533
181946
970979
230666
329408
629729
519963
835074
804524
372334
487187
18808
5669
926733
389967
813801
376556
762413
586823
614330
460933
49963
693519
562670
95723
139104
316311
755073
943524
539204
163151
53283
619567
888765
827811
801876
215385
538504
335396
520280
593070
365378
875142
75864
739405
935124
865030
914389
612373
339897
403812
952969
52603
853230
876558
743964
718398
535093
496797
710912
867697
580869
67256
466473
527223
101329
574614
917356
335886
587187
575650
117555
142529
380469
980791
60699
830529
79228
530058
591402
655759
928146
222375
915888
817552
545230
908820
921145
106562
86882
14098
903211
744974
412673
99073
984323
810739
398187
235107
715302
667618
71702
708089
369511
829289
235963
818057
858132
711111
830138
248769
50493
29726
614954
248566
654594
898886
449921
414917
201432
6397
751389
445466
85080
864189
609965
139983
583555
61414
976190
129580
889430
854171
456358
980877
709574
513833
283975
702945
752729
146656
475520
995406
694113
462982
869814
702578
150485
318113
121402
622021
562765
997363
689495
413786
79002
863363
212795
49540
583103
596373
847424
935381
313296
210171
554133
889986
486758
424580
934285
378466
449917
797523
466180
586069
821610
610060
813482
540418
562619
359271
755629
884344
897133
932006
954695
300534
930180
405155
421793
153291
886979
842338
661827
223400
633415
536409
647548
357659
556417
841603
940401
382227
411171
252985
395898
575725
270642
164665
19399
70602
542618
589903
628930
765003
310428
258143
950609
477548
99363
818834
183287
458682
390068
95515
85146
29938
781250
677477
491487
260472
842081
752731
403825
493424
943059
388691
836641
328253
170047
540248
437992
536148
439167
587922
366471
962428
36888
977108
692623
757220
28741
658114
778301
333024
811244
370333
516093
973762
703986
895789
931087
39889
125674
271818
710727
85737
857448
283654
656558
83182
108084
399930
366663
176110
9370
79916
123436
217491
111071
534170
96342
725505
456462
165669
666042
300434
58416
931677
93009
410987
709849
964581
833841
104955
425375
383619
25559
497808
742374
226438
33414
96981
767191
540628
504008
956076
946159
204687
70035
150372
348659
274532
45575
781655
104194
7408
372372
743139
790914
675790
407545
205443
654268
617345
899175
803209
514628
91067
988228
813050
751697
541960
71563
385542
888939
588122
925776
93538
894978
855793
955041
108036
905754
263143
286600
708282
258980
249237
932270
637480
626153
775462
623130
839964
977055
740918
587926
860496
857950
967462
189618
13179
681452
432767
575778
768404
978996
456704
24578
765284
194518
815173
736442
902
865304
194390
553661
346110
868985
420298
808043
599988
458214
680470
409751
446220
229318
463415
340578
406242
316144
535543
219014
580391
520444
88670
680111
257491
576695
67705
973315
342598
592560
521728
535299
144959
143727
541734
620937
170039
369925
166402
762417
501723
917631
567957
436885
4325
250164
878839
767600
195222
591678
110243
221476
93778
602437
381403
237142
525271
438583
290745
101303
896091
966164
412884
334494
622210
426853
499787
800785
246713
598476
875761
683043
392690
361335
664405
682743
362876
898542
215596
710306
833022
221452
206686
772399
692623
199883
343978
611324
397301
737528
725622
990337
326457
820741
31927
418929
999395
458749
100921
531960
799064
534482
509387
361893
478156
134610
566603
687202
977829
402168
478153
593950
296110
48095
255259
614859
181108
235602
784125
749059
522305
339326
837730
32518
568626
22409
577499
626014
244919
876219
477155
348707
479399
417562
371077
644315
790590
814165
819754
235513
471796
228886
663427
396614
259386
304058
103951
230493
287316
886941
166089
169232
903118
447694
639794
995433
454556
309218
251574
821258
422290
330788
9150
841718
569596
306986
533009
180136
142427
690499
109031
502049
944893
222284
901260
714112
947255
272354
958573
305865
308930
438705
77443
550600
670576
359467
505113
245326
394697
355797
598651
151450
98118
705403
587773
196180
340777
564996
331749
544434
127287
780448
159222
977661
556947
612573
202330
989742
726777
978329
77547
516018
266067
414098
964254
952205
267323
620889
461708
395866
391054
198629
643422
39281
493929
134980
148309
74529
19971
201645
839988
731420
852967
529968
182410
504242
926668
742670
646496
356406
60819
941733
453627
236221
309980
921732
65742
630660
292804
326813
487167
516785
516095
829208
470612
20978
319823
23556
349946
108994
818143
626728
506802
279626
435454
596152
713624
92900
671355
414819
47761
708986
432217
508873
668433
989133
547695
960522
2823
228818
725471
690170
898853
29750
788656
500656
54223
227267
31819
28798
142367
287899
467087
844986
322707
672096
446737
254075
314644
202166
378035
207136
223203
774624
464415
728714
217570
401927
213729
777129
82493
921049
551455
368820
261171
967886
933941
751282
241541
707334
574833
879606
346809
820943
497576
509352
55115
302466
319859
464637
731185
446988
264202
508808
124042
445962
627578
809066
721122
866126
872198
148581
256100
217343
927064
95375
839133
857117
475106
174306
241257
526945
65686
259184
156924
159874
960958
384756
41295
814164
224120
83587
950948
702347
590098
74273
701496
661342
624830
84015
310405
191047
645874
430018
375217
109542
460319
900880
568982
641029
356107
322756
848111
546039
125261
488497
686811
138393
761189
800802
633489
521850
701301
535311
165985
670359
407776
648877
471267
998911
167742
110493
547262
476309
246713
815044
486934
236148
26311
804986
542419
711213
830724
942299
302475
101291
503530
791548
471563
45432
691952
351480
488967
42456
451901
340392
668635
358355
545352
309744
361853
366737
758990
308790
585026
559709
98734
426606
492169
94924
570788
485521
138696
301239
817440
822892
690225
753699
321026
361045
884160
301314
338933
649144
806564
204690
366053
624271
586375
340580
313566
714608
908668
308727
184387
568704
763908
4291
393191
267653
810685
823121
611083
512666
55848
182343
684021
494715
42965
6530
766697
424128
602989
871068
817990
874599
179228
553677
606336
701706
197401
257901
611062
131247
19411
21015
848560
112190
382650
242538
39862
675277
441831
574569
627151
529815
957096
140994
269013
928460
109356
186412
830449
239298
544775
444137
829433
832393
393059
617707
517027
969372
405252
323155
137508
891250
183350
951444
245161
674484
133525
939638
132401
445322
548345
529783
117253
900943
114492
725452
561877
178019
630569
33157
877617
60702
684610
351246
64544
285857
103982
450001
552545
259785
408637
613561
70843
558973
833626
527762
394627
974439
484684
670476
891562
395072
337768
855774
125504
468163
184087
872328
456521
609283
352256
681648
421626
451864
988561
182254
960913
830069
101167
638243
581390
856213
13944
81348
303313
106580
473585
83381
998225
568730
307601
560976
958966
432882
565033
331588
434068
161337
363886
704026
261573
391473
155109
287059
705890
632181
200681
657518
260958
44551
677020
818054
627519
165125
626600
508055
141625
320635
21553
911841
690472
897169
921
792229
881321
680357
816303
54348
645462
717876
683317
238887
735005
156337
758412
9425
934845
656504
193534
265649
402908
183900
583912
137884
19911
984220
368770
438679
114950
18549
599500
806266
426075
260945
277655
258287
683543
715933
348590
680218
27610
869048
420767
788563
842789
468935
607593
706958
314205
176549
689475
474908
264031
599096
933959
580682
528634
911647
359546
994087
730701
241863
311224
570916
416190
24669
579584
897427
312212
707485
841434
262226
667250
22025
776545
300801
172721
400886
400177
406958
805785
420928
127213
972626
252667
794846
881773
367797
843693
834448
768643
597868
789091
161269
948073
272451
264614
169593
409736
111669
266036
84587
573543
623000
902453
375724
451886
774998
457813
915203
181270
34517
593410
887822
251952
798392
687108
119507
119438
703295
105779
656309
836370
130506
678170
409410
396753
430587
620583
136041
586403
212600
736907
426825
511497
938832
677940
695908
385276
204917
722148
418994
626510
918823
328814
190866
981631
505266
555981
123740
219871
600525
681697
941009
732506
547044
293063
707188
876581
726448
64211
49714
219012
53569
265005
113788
470581
695133
434245
909621
427516
659587
118068
545991
443596
524552
154033
552272
447695
796515
81836
68090
726994
434628
89802
893289
446864
340318
804862
270669
747994
872326
508544
590039
605536
302643
322733
707464
24158
885925
697659
777124
625061
244195
483927
590598
895876
542621
340253
129037
762900
124975
149875
615668
159709
740806
104707
353536
518760
434973
635475
322194
830370
548193
768834
856860
15274
189363
863649
259824
99640
682827
524139
644788
442089
780922
782499
367986
444523
107912
317641
790156
578113
866043
474488
157388
311731
189497
561055
417306
634646
639621
347545
55047
225715
146789
746540
460933
229655
506724
316571
189305
224887
799028
193064
981161
172605
337067
586986
464080
61811
892718
321606
374097
268043
773419
827149
707848
719944
741888
336562
199483
744525
719097
27750
735023
618944
421942
133394
416535
517467
636011
544688
664232
526607
290050
754951
157512
225876
87579
800513
42404
630290
908915
848298
266464
873253
204706
740487
179050
272017
47742
452369
739624
530178
286494
814093
66255
633086
76281
959113
806933
884457
663340
282549
587838
895540
49498
829019
44243
118244
861357
357820
73522
980346
604091
308297
105086
867332
15301
469946
28534
237248
958169
934415
953827
228648
217175
818465
850539
661087
121360
946596
448196
273718
198922
472636
443074
321883
741600
287416
204624
756510
571014
323951
539581
144481
666411
5878
674478
484124
189431
882555
769010
469387
895155
792129
825907
552820
300808
160504
492679
170776
726240
808888
64230
458678
189929
661594
418870
979254
526840
607539
518851
591225
391818
811630
126858
53754
188837
218373
25844
837409
335709
505180
564960
679844
786994
209082
645081
254682
95255
462116
446503
584542
969293
288216
558273
468636
919726
263331
781728
929851
93574
209119
856366
963431
791388
975501
311645
98106
509390
150154
688341
345926
141850
696113
461829
170305
696953
400014
835803
367438
305893
871546
859726
632164
849532
234904
442776
706909
582461
332714
45122
127197
64495
877649
309335
804957
792224
628831
515898
579795
279947
19418
203988
303680
406483
230864
251237
831957
279468
614418
997628
672067
595737
195278
675842
180254
848335
428365
71408
85165
494969
755205
933280
491024
127317
237980
663681
81230
503227
518842
688933
30715
538110
19593
204789
592066
448363
756556
132292
956949
347822
904601
20864
195566
757461
879604
32965
149312
750700
274442
742027
752255
302278
947079
593728
763401
122077
765204
241969
522223
629329
838960
279009
971876
647884
831786
813500
831617
92679
13368
780005
865523
105829
974904
314156
999042
316221
230848
988891
809278
951477
892003
634479
519112
16649
487939
604196
469690
401707
329358
918442
677684
988485
268887
310835
922308
923290
77265
553902
61105
67466
375530
856974
927140
687220
246338
205955
30196
108854
936198
92170
711757
570192
559533
423136
747324
435750
682063
777362
758873
436644
859165
375088
776848
621244
153473
820255
980942
702538
837331
682830
725446
944409
388276
932161
750109
809983
616843
876169
232952
712099
790490
828436
33439
18143
583676
887776
450126
779904
150141
210891
152472
888938
539606
111623
716217
391321
471043
813097
527094
810818
47811
482656
903539
6104
846380
679426
379665
673002
371560
10754
205121
330857
272656
880062
523498
890440
364259
617461
471539
388348
833506
586262
270957
930403
965004
245555
113440
244161
326065
162965
624753
317029
575413
361065
197740
559594
548516
228439
566452
33049
305068
51891
145924
568172
360827
777420
313121
826669
561142
810850
198046
150909
930642
425462
50507
350385
505811
517113
842108
342039
584095
451430
512753
999254
488830
107499
961383
954355
76849
115458
690618
40432
477292
523935
351541
720655
648049
265346
878072
663796
908489
38700
446533
318824
376994
818478
773735
620154
49152
18844
599935
406208
227297
910689
118892
71483
175218
826092
540758
203160
154343
935560
141847
124179
181371
504010
935111
792118
631236
159331
896099
623103
32753
619158
401113
149088
642596
272195
721587
132448
502118
260897
605021
991
270475
79690
19669
200822
618723
639728
51374
19965
641754
143789
289600
315750
545197
782841
192879
679814
882505
949621
741015
174900
597954
667812
209873
509706
720172
30073
24741
848585
119770
379210
227404
377753
979441
726244
580576
269613
426279
874361
554210
427973
46942
459637
654567
524173
410327
39406
162081
562531
975508
796922
257158
519030
258447
917146
565087
154953
300240
931475
816047
284247
595887
228445
166910
940689
486374
966261
189185
977091
113554
661645
668135
719316
673862
67620
859650
217004
746444
222192
792272
363184
97913
825078
817702
226793
586156
472380
557816
576002
587619
839895
902599
288368
527481
36062
729831
141676
772928
583551
701484
989724
138167
54511
843953
50320
832936
708605
527428
634471
859553
493312
275697
995026
33356
354415
696042
531376
805294
754959
966928
70617
50232
29063
738848
160694
609357
941135
651901
996941
730193
612167
882901
192731
676714
495652
394739
355674
142039
730757
408097
376738
750185
895588
89208
649644
411297
752167
492102
230641
821672
833366
757082
159281
547685
137960
82862
562447
137023
806902
791154
130905
324783
504849
709745
843110
567296
249903
638754
930904
856166
580288
774029
975298
585464
451679
227928
966691
613772
452516
584302
238415
772078
72406
43851
932974
490236
698173
371878
831070
403169
140054
112378
827380
390828
760224
469107
274784
93964
771284
929458
301038
967594
571953
822781
935593
419299
149685
405190
532826
597217
495591
571030
297198
286485
973585
431318
780085
992019
582988
682874
989959
755337
381875
992394
255105
757021
972602
333647
701485
485731
1239
765398
724864
556728
681118
117795
247420
608190
779050
222198
491318
887540
170679
221427
208562
237616
530189
522480
816042
342076
126935
510560
293101
612555
887890
202454
20772
737942
922273
283897
342833
610328
117885
787203
599856
109666
131913
684725
686687
311643
136579
689499
866394
941208
792855
964727
970239
785108
675342
514701
339248
84108
618019
679434
850230
110458
664886
309586
478147
509483
990298
923685
811664
382527
183753
239981
920933
119165
556023
80038
846583
269968
599107
169130
416491
97826
453002
758104
234681
292564
212054
967968
538795
479447
427700
393390
754181
221738
443619
271409
946431
463024
744616
159431
242798
596141
826303
486343
58113
939741
849452
49834
312934
666673
164399
766678
947532
62247
97493
205641
608900
571908
934379
494687
195777
447921
193422
713727
452286
570480
279966
384488
553918
378297
785233
256212
715759
241653
169763
984838
300584
122390
83563
389877
85329
751889
662473
78613
926178
461817
868668
375934
53764
647801
648784
269435
989203
924654
860916
298610
38213
41951
655274
426155
572644
509594
695319
241342
451639
280236
930554
90077
39807
970748
793977
552444
207837
615812
49623
422233
618513
220589
356738
903531
379293
202183
935689
460267
959047
792866
491627
865273
689726
798859
170571
215277
312916
621478
480319
848251
656746
1509
764039
612610
784425
995106
94810
297777
998316
592351
970972
871830
45051
204887
210605
403461
421171
473472
294875
414561
541185
585440
413559
880970
125005
478601
543749
301091
606963
839731
753229
95294
336620
739572
611342
69671
297867
587870
785234
863434
134500
943605
693149
842881
526599
234891
12927
489726
829610
515770
481993
701010
275812
893310
522780
715031
270294
280621
331421
136384
237988
902739
702212
502971
175073
172782
526420
48512
116809
793091
346789
759994
789607
76443
952669
966094
399255
687709
63165
270412
506726
298249
327063
135089
538709
960846
928350
961174
847997
783817
404693
313337
540108
940700
255338
397031
318189
661670
405084
587650
126918
519460
802198
601012
657435
588964
141728
927729
418384
48225
457579
381346
721675
229952
195018
497139
880568
504422
976832
795770
594342
686772
698676
316418
910990
975392
413185
948084
805108
908977
579818
409057
486759
494550
530347
977583
896162
914468
860650
763293
397141
600491
626252
430964
743485
492083
862820
103116
69039
234328
842247
702584
593717
147199
199547
821583
528079
947764
360334
748056
387419
239586
963714
717329
772495
727918
393702
14300
92450
599088
422208
986695
337738
1486
938150
565494
766113
664887
653099
394991
157089
567161
77367
880642
177166
175040
107248
512531
395763
982444
261076
541381
995332
915149
92905
915205
372642
35582
920011
322672
693310
889499
624484
140066
895381
479072
24827
961692
900249
489055
951651
703953
155952
139677
443027
626125
839445
592074
882902
25027
694237
343580
768601
107505
10708
225223
38242
369714
489158
236891
280096
184992
745689
856185
410205
342563
465751
494067
623119
923547
777482
594688
432398
386086
865216
349592
306337
273486
301998
12466
922801
244754
426609
398680
251103
749071
383087
358371
862641
578315
519388
798297
156391
651999
300057
343135
23532
129022
958006
26524
940264
292070
802968
11949
633522
941537
791158
312318
611235
947064
594493
873483
568070
864053
785940
822836
280427
415060
389050
951670
398619
803910
626123
731276
571109
420065
539937
871329
857111
771239
158614
162608
799625
106224
118568
165626
920915
309943
607734
877347
868894
839231
249575
585258
773592
324896
984042
458115
739521
495026
136471
452883
571490
789716
8628
420807
637854
975002
59092
15826
829281
52625
362459
985537
112629
576943
116380
69628
639283
116636
352995
962459
655062
913495
97934
148962
596267
791815
669398
282523
774181
182879
71851
161038
591821
295852
910846
126240
142038
678910
995480
703942
516942
329264
594791
218084
262129
148758
597338
587142
650584
258627
102753
431225
676302
3316
562135
828615
924291
805405
323196
1422
363610
479053
905499
563324
79069
781184
912330
27178
77456
509185
567568
823505
720483
593402
616801
652781
713857
587098
192772
341676
158213
343265
896021
419155
794124
433995
583463
36590
411301
802262
793537
879346
637157
409394
88841
350385
636248
390533
374591
909048
528017
289624
663648
981128
431523
503201
940267
817328
121064
22381
202111
242819
853118
884906
555939
137723
167058
7566
145632
462058
716948
282792
258697
96153
391626
751617
356763
178879
453889
538094
235583
811935
120093
90037
382572
923391
101906
153306
658537
460416
108203
987077
308016
532063
378376
517777
860590
577991
350629
59827
784359
609360
919636
459909
910327
343576
903821
978478
723955
792316
587036
377968
312430
966260
591096
568910
365848
140745
315508
909784
319296
272755
547791
24020
223994
123219
17574
417803
125659
208457
482568
233197
275553
612019
268394
6562
934896
76931
329201
773934
513591
176572
6829
870911
181233
528201
608550
517270
826440
199738
859406
83984
162707
846747
549013
287696
121344
913843
897884
642507
71565
186966
909569
936176
825712
227751
623257
251442
796823
745582
944828
249651
389066
139090
325113
189134
466988
216435
639978
829249
787168
643494
132451
89014
237831
67598
841412
102316
701160
744083
220718
261639
553385
886978
997394
649456
891898
370753
103973
473514
368913
940205
978416
218163
418063
20882
613763
168275
481666
748614
556937
190212
499460
169570
404151
369725
498880
997790
66527
512861
202260
490056
105185
471281
189714
552353
284416
75234
503905
694164
172498
775550
717313
2452
830737
166369
172396
701393
511504
228223
213911
113750
387975
707921
71704
474178
574479
946138
779745
872865
301097
472789
864874
804646
942776
818813
370669
299207
302159
911160
830475
677109
145829
860257
413644
740727
851429
802033
762052
317922
425442
243017
856208
677047
93160
679518
761600
693913
136813
148609
264719
8809
4583
861194
748493
829312
332151
91232
1309
82760
353731
918440
535130
860023
822497
450824
370837
484457
860974
751575
454074
761562
569151
944995
134609
604285
265519
915997
92576
128315
92760
933733
255725
820747
198237
685678
358304
782250
106915
732558
755015
207480
926559
65509
990516
551855
55754
261223
206145
597312
971378
379911
807412
338635
964650
245313
986621
667707
174178
137092
987036
559933
266321
39163
984799
851355
166606
565623
822025
837689
394430
375547
578639
187754
415848
482211
445884
136496
244197
382001
676916
779854
603955
826997
745429
725004
346344
474265
780025
338759
185347
890950
272728
338866
988190
588343
723083
747053
292480
531992
777195
430592
185871
516954
93144
668212
645858
391446
758741
818382
481652
895707
708945
380201
60533
970198
275201
183983
610619
799581
396200
713267
270295
125976
304056
515758
564930
985100
451410
825685
479669
944005
357930
950611
584471
725344
827782
178216
185553
112946
177765
196253
591806
809689
883132
977763
618814
799581
13659
495368
520234
401025
17903
337941
629537
738412
760288
804678
216385
970735
311067
173734
94770
336819
277674
148871
499612
57856
931518
978715
913016
331948
337039
14451
691268
669470
998362
524049
533968
104574
7689
599019
987062
724859
134385
771199
953063
772088
205877
110797
896095
807444
583431
236918
78522
869716
142223
646575
953697
878703
456356
808674
374237
407286
170743
324129
219148
234783
674447
207495
949936
638957
262958
531309
773156
690813
701907
45318
509355
110254
344025
724440
318305
75182
515197
874903
641555
607198
342397
607392
482026
501089
895899
560335
907010
591558
6464
371069
527769
58191
547646
875353
945890
597214
566702
10722
573945
880827
783224
477374
674226
335940
417905
890618
162314
791090
90719
105631
547967
80451
595223
380845
14651
812618
197703
468535
526507
741647
193424
860698
939887
675428
989899
663259
877930
438405
84653
930780
585144
196651
80837
217979
190335
986285
886882
717896
319903
946131
780753
117536
950595
550905
613827
956650
883929
495197
900046
712494
706782
875909
262154
15117
785298
894543
740764
312673
790539
701271
702863
887666
935462
531902
530974
763281
128152
106205
734030
593557
221986
11463
74808
102191
846819
521459
425828
841004
314055
326542
487761
15304
276765
836188
782610
294761
452999
500551
357394
983423
737739
585094
110968
164213
668422
298539
307685
688404
995839
196041
565018
585269
19033
796607
87991
354849
151459
47910
402207
711111
650762
239699
225335
721304
146798
665673
204684
173699
971793
575230
446420
368584
141292
554504
695756
199547
557276
614948
887681
278744
903417
778659
756523
571069
513671
695602
918771
515528
808454
814404
738454
589773
360420
751582
110945
158580
443987
673342
717276
965102
475636
879593
583043
886226
509554
95568
692527
547800
436332
766686
590676
480816
490314
524065
526819
552064
143281
448466
179344
339641
552337
878275
293358
151060
416475
633188
53046
322735
700112
730609
933158
634942
360949
622588
208262
526319
742435
142994
48645
936926
849019
812493
467906
201906
972598
26166
441448
660754
649370
708884
113393
445640
224840
309717
396427
160496
938930
661400
4375
584156
546475
705493
265358
829384
746903
488682
180606
356276
764289
593219
610291
104036
277771
12004
927793
412912
306432
489878
873756
286664
829638
127212
951866
592200
159535
919088
431185
13620
672110
997999
285803
167504
526694
161694
292856
694175
562270
502632
175186
132598
841041
972245
570459
828923
723363
947800
29890
83647
602029
135797
998629
446646
911417
206989
954257
481487
736073
395399
903460
409076
297234
486749
580179
498080
220230
97088
850504
38551
33359
87721
351716
603847
61719
254782
592994
809529
186180
305628
581403
470388
555713
96967
61222
788846
40504
742188
524375
608304
937052
630542
801896
87365
968802
388373
821686
960670
229135
143344
944738
356549
798508
26594
418904
468796
85975
256368
361388
153842
758580
963430
934688
752225
648832
902401
793346
324999
522182
478908
626098
635326
41770
774842
992514
285882
267554
870092
467766
139743
861061
641440
106090
414845
874619
582855
771603
895081
637780
693153
189149
262777
841206
254887
972852
503323
495598
485397
621215
247314
883303
874162
208198
199758
486136
543741
323732
194216
344535
769526
633847
602935
93739
211014
371268
25041
217536
492556
220536
340194
617940
880068
120346
682338
682958
992726
959868
448566
212494
909433
471776
539109
431839
144514
543606
860533
597833
968397
281795
60322
96196
989254
996190
2362
850182
228309
800149
218968
265277
763620
213036
802170
544537
580302
59013
124737
979520
699237
931611
22406
649189
906272
854056
153684
121139
280991
930599
960581
693859
4957
873012
9532
785325
904113
721039
235580
39002
281601
687743
543011
944312
181635
613651
470727
128552
846001
872388
746220
697425
531145
533174
505438
124663
262462
88157
503281
297190
419262
824764
662355
53320
398433
89097
801867
889238
333739
580141
55184
938155
84286
114855
402632
724084
656287
557520
775388
628356
239203
621113
77492
669252
542517
364400
88084
312264
567111
776546
934546
332348
208787
947354
767603
638141
823501
599336
851234
393796
789479
27164
58188
696637
685568
389937
493211
618230
339562
830920
317708
306675
429526
567049
374383
701790
929439
288046
191867
891611
611823
488411
579467
560314
504530
308069
324857
238086
181781
862323
281045
183866
123034
107650
287555
761363
916795
764226
182958
717697
35545
775518
684141
829943
623040
53337
973936
553441
358008
246163
783206
767669
380843
555500
741871
228387
573998
7999
570233
912742
339566
726159
176313
559484
416760
199040
115400
552818
422820
456316
47576
219609
931039
752502
208401
90261
916948
482187
685196
908243
143287
522756
748587
958554
562542
179128
110355
169211
561435
218639
427015
825123
342154
252001
806754
619535
857460
584252
672944
418718
961710
597189
971434
922626
486961
646773
98125
2448
550854
230341
54614
251832
962510
31013
458460
632270
618411
197733
925001
940742
565455
326583
116534
823167
297567
124171
628131
54
851843
51546
340112
803739
903949
353855
106170
316160
330435
963711
412917
854510
502091
145897
764258
260370
33714
530457
810766
844885
504216
2070
35944
332873
424764
607131
164316
510975
958880
734579
803664
316533
576409
615357
422138
762668
352821
6159
722844
488920
693192
900599
53853
469681
977621
982813
388293
411559
763222
385028
914133
878578
817833
758127
530177
662407
600983
423328
517515
486182
172161
820988
340157
542608
769001
747082
631107
271383
562394
300314
241635
729421
850677
10626
506265
470942
282714
965828
282259
853882
891247
283787
799749
215722
246416
712276
86698
114564
769555
594154
639385
550714
55734
975817
907712
158156
20200
406692
689087
750430
911280
657474
155107
462180
205566
841539
143037
971577
553485
227649
797918
399823
73649
888082
871026
792705
727682
804137
448951
192965
605861
968028
649624
218493
332468
381760
692394
4844
790025
486192
187138
902789
755756
109997
194416
392223
692118
232287
732125
204678
415266
376570
630909
130155
961807
55804
153008
726267
623092
394386
174651
863309
115905
616410
507165
582068
556909
195908
383441
107316
277313
21202
631328
895058
256897
707198
323679
338116
537522
617018
537292
95048
504845
485394
559361
449233
267710
475758
443091
868635
23385
300275
372106
772832
260314
298122
75324
443491
528151
95288
356936
201833
759684
363436
228268
107527
152483
165144
42692
371415
696902
725431
106720
966276
820418
727148
766272
940677
778098
813707
810542
835175
935205
847985
393784
581698
671973
961997
458313
451277
950373
856450
346852
132430
622662
572261
341308
489322
404806
338785
517810
742746
161669
133882
236587
444926
517173
817646
69197
288523
804766
366647
833815
926241
378060
363502
967323
435576
52502
520265
122008
338104
860875
678213
828920
503591
343034
865247
169890
351612
891358
36220
923069
983507
39652
467560
8067
598010
112347
719291
635581
64168
812855
614296
801120
939789
133442
680335
603908
66501
211424
725666
671613
295398
371197
120229
957272
233144
357589
222398
648628
216836
36831
655308
674874
245125
861399
100580
933882
783932
906983
569975
317987
964319
641905
344207
67039
329137
502395
438584
156681
34925
267832
286587
544396
899612
528559
686598
697561
747206
591754
467623
53188
785861
226365
678775
491388
461108
272721
958100
505317
253063
46092
4038
278740
12853
133823
706819
986854
931343
649836
15309
656509
50996
592849
85945
941080
109981
104854
410828
447438
722516
553486
667390
793191
699522
421741
958944
51159
746661
437063
169177
489048
461792
697409
534796
299875
148268
935382
327765
425162
844525
22728
246259
134261
920671
751073
605376
927031
432431
989604
896538
435276
405414
185173
908518
460977
679744
428002
795563
319840
457563
242349
148697
271591
489035
770423
878189
447908
807754
896938
735660
842207
39309
355010
778892
302212
152817
313626
518578
451963
573204
445071
614230
540838
929153
535507
393156
1974
785155
428432
450427
279915
68378
832118
752056
502630
846092
15651
952461
744044
831442
358254
494314
438137
21107
164624
667709
287358
674799
637488
457270
23098
324049
547082
621091
959600
305959
803835
461947
722698
660750
137259
356982
746762
324391
875735
858905
171497
388966
402554
139088
967182
526793
579607
101363
973100
677477
484454
633579
642104
659995
934680
397230
715078
355370
906249
798501
739967
286623
818946
868975
904001
352999
638951
250367
333011
114757
646531
291297
113347
493214
975790
415962
717087
824241
445529
74988
579852
888869
921846
565368
955910
496507
438534
282366
447796
789987
189376
218240
615079
574698
694107
50310
88431
20880
557817
90554
368410
488568
871728
415603
817674
880312
55541
6543
675762
789200
313831
807033
670445
62840
501110
652874
711610
802386
794414
334283
953816
717567
306788
255321
420090
228366
14651
578913
816232
408590
201619
807819
386226
137412
422991
46132
248273
288312
334402
162899
194395
676266
137270
153277
966242
78818
965400
343811
709995
261925
998467
887289
209926
424259
432551
666002
509711
31373
685462
194919
675711
116069
100907
357654
695983
406382
229719
261447
965547
179554
285641
301194
496751
143553
377657
208348
622017
705383
698066
350345
804458
795895
658938
588779
878418
79347
756031
961488
957431
18926
376415
440505
482122
598488
104116
179775
490022
255224
967546
940625
711213
874425
82495
238360
822593
918043
480038
850491
375260
780938
136087
512382
752973
134604
772806
608709
245200
653459
451871
361271
238664
939954
529611
902846
319963
963565
770274
868458
970986
198889
649453
499637
844396
205826
247062
977441
56742
228603
753775
20030
273225
415952
319323
677704
216615
306664
275933
181740
298451
326502
995771
845931
564757
456095
480910
94360
66631
563238
350185
730619
143952
361730
861284
125656
691066
566977
842948
430601
298161
304486
813704
734984
105050
540349
546322
20617
489869
367056
108528
60356
173297
61746
633287
436752
446195
662584
692315
391979
393955
383176
32509
235094
982315
896649
383506
113373
810284
479930
881147
690805
110902
870430
395494
324029
764452
439765
969713
795687
377490
237127
184950
496880
704317
153273
678071
476683
128693
443969
582311
130076
152961
677590
909139
637087
291023
968833
522795
666537
592022
73776
236977
790215
937098
831145
763773
331203
317499
22492
814506
46341
737739
620369
231649
38357
991242
554048
995840
301630
389296
602687
950694
719694
367350
852822
525598
42875
623441
235246
829861
801504
353548
148968
911065
39972
871680
148619
978113
350523
33651
722453
830323
297606
270283
546482
562150
235862
523437
628298
866836
651470
787127
404213
968651
52262
479382
210698
699793
296844
117572
823317
494386
232357
251041
53222
572456
307633
115501
39622
719077
787084
638240
67461
974079
105616
388710
122031
752888
911960
186746
520989
419561
700320
176030
182503
377803
249736
786228
424311
605666
112567
516733
289017
642567
972508
75307
143534
191056
843280
175716
104416
4830
711575
44566
883504
6466
754758
370417
229515
288780
662718
508998
245947
573810
761110
573754
107289
123674
764631
645094
775457
314500
157024
724047
41438
762711
656234
542589
641540
854087
592358
777274
939164
533215
92227
692968
197018
867952
615372
558399
112906
495190
917869
657059
678505
907811
27669
38302
462608
263531
957303
221631
222603
862764
280748
828814
910280
131543
289267
404074
525931
541055
638936
70721
614142
234525
505714
533036
158726
903166
714501
356773
780785
505034
849992
287014
299499
132785
121922
737311
890959
792307
826894
686994
714171
163148
315581
281167
950908
270459
235674
919687
785512
311662
939464
67472
602955
195020
3464
514676
894393
381150
163415
859958
328643
643099
743732
47778
458244
524302
96831
442832
410331
291942
284925
409141
266931
409434
469304
571301
588541
16951
470276
830441
807423
288711
768732
240568
806470
562207
195306
656918
631863
282246
471141
177478
595140
34813
730389
421485
674298
346608
211762
29829
200630
917047
164330
11002
871480
488073
673410
442533
901903
462462
649108
662370
511540
635710
136182
516432
217075
918987
553915
305444
369476
60713
910995
843370
221176
893862
531598
897178
687119
848201
261693
523987
777446
236699
640313
971958
613773
654668
691261
739746
246007
152580
27182
914567
136395
329480
103740
817641
743063
188612
518368
837043
886180
994107
773125
601077
108324
34248
19331
252348
413704
152271
646150
414861
967918
961606
550157
645245
656440
315290
179407
177200
14392
637311
547128
676908
934791
280279
302928
29401
934965
943102
204029
101847
129498
606512
88287
593084
116555
348631
268633
782249
170472
267445
377520
452936
594067
429291
445003
818660
919803
752548
862106
807140
805910
571105
840532
680933
292013
475873
804440
582451
577681
242476
591413
730724
76011
678524
368453
540498
390257
223689
524788
669747
803125
58800
607070
581207
572695
72767
122326
11325
106331
662175
273476
440465
149205
104478
14630
100550
368193
375001
539831
779788
249967
910146
59756
794926
936987
749332
106075
778315
210971
856336
532407
237551
629809
659314
214262
612302
820864
581813
472147
59036
908444
216128
63791
637388
664442
367532
155475
949411
163270
226674
370000
1463
880532
273718
595783
814537
803822
303658
519109
796988
125580
408864
360710
791922
226849
5105
208091
811202
414418
629507
607718
886615
690561
681465
455169
330024
364488
924925
132798
228111
73410
802403
927817
424265
624323
956410
830826
21065
671335
934452
891175
123321
19464
228463
107078
544974
544137
843807
642672
772550
552079
644186
538865
307201
158288
173312
646940
786041
648067
969925
866636
504544
451767
923421
689285
201237
251776
35779
655032
66946
384523
608677
739237
674964
948755
807535
482331
415896
412140
637810
664987
301679
485181
244785
966299
884653
632651
741576
886758
465876
210352
260986
634016
923944
529898
466261
433320
254191
472719
769412
274390
956487
995871
6961
609123
617763
48370
292052
954152
976164
796816
620509
305791
492112
991327
303354
683974
143025
278775
42693
654914
573836
96466
895502
837407
70333
957983
196032
766549
780780
191477
236978
714023
391022
497060
417292
535046
951418
584680
828820
125074
888133
576951
780116
271872
839485
395449
991082
69718
773727
455960
763372
252755
404662
927149
342453
74861
290353
574873
979921
167538
185247
631221
483841
411472
917257
993953
186219
872240
277868
567609
846305
184956
840465
840486
898380
546882
519243
781968
582324
151216
771533
473137
211119
216895
612901
594373
246821
893933
803097
509534
410171
997922
978460
553043
130084
674484
940781
255960
789504
15622
265293
23721
756143
147083
976923
448545
33207
928104
282509
74471
144014
956472
117325
498439
558660
72105
212334
965599
590991
429059
337737
799728
225525
65673
650680
148052
448400
196088
477358
643279
878529
204140
196722
508605
522804
675106
436470
53035
539851
371800
450328
855554
630249
178001
291572
455902
418654
811893
785636
476222
595242
337172
40789
956563
338352
704331
709831
704059
456440
532287
383840
55687
44257
694791
828718
436856
202977
144550
354040
185737
85050
372597
9727
86886
215100
252320
367254
847354
392433
881287
169371
926886
844392
420548
911185
497229
849569
371660
849115
879884
896274
538926
777815
95687
975188
407865
851029
429343
902189
295163
874483
611647
232442
569699
357207
504022
546937
785864
482567
306719
79857
272834
381928
38171
349758
260470
988625
423585
381821
182512
574475
656139
326416
836585
420519
867666
300174
7271
41852
445364
53962
634180
208956
41233
406462
387142
660402
558614
888149
781741
278619
981392
30482
706572
699742
824610
222816
374607
69736
316114
982198
575579
863272
89853
486502
685587
837540
442347
439683
903030
56759
768573
214317
397733
253543
688707
9275
933570
769063
871850
463811
860085
880422
613330
574088
341448
336209
980798
349569
352498
726572
530341
48898
430705
152008
32997
905354
438096
304674
924567
625576
819656
11352
457661
178826
844931
119497
607448
883491
903355
842311
751639
859256
148417
712059
479913
206984
87066
138070
348467
94870
776388
787504
884702
56340
156566
133247
818375
167213
916677
186036
284442
314863
221315
534069
3641
647700
593729
291123
2261
476972
220886
8873
868192
528488
681976
338800
34521
275909
995942
237312
846598
491090
374888
153159
320064
787872
425134
619935
876712
3142
788182
137328
210104
353742
139337
325282
615412
598976
158661
277052
253374
771656
300661
645470
313481
965958
604859
306903
955942
283123
739728
982180
835322
685675
929283
74758
370833
268827
262045
382463
190283
491527
347750
465128
207476
568312
118144
990322
613810
791489
661168
209271
819159
496237
468797
884412
400854
309319
717617
330502
766675
972742
649596
660181
106387
578706
674296
283841
320275
272567
234696
438640
906676
567397
945305
612978
819731
523809
465418
411513
872183
492300
709096
615416
530468
553806
869522
543126
913932
285407
407420
574287
958181
972850
324238
500200
725654
817470
738924
486285
200139
559594
676113
381832
76519
738964
273108
189024
577433
324990
973517
41292
45320
784853
997841
557074
181928
733343
794712
348289
997550
521793
924672
734215
266784
284267
318379
499312
985797
628193
81731
871228
729212
558822
875741
194715
133097
982151
583227
87751
872138
905153
657708
538110
230440
101584
498894
392283
965800
668885
851252
647312
948929
103458
976802
279426
743944
841446
915253
110465
825510
292208
80672
918883
874156
945441
756944
486716
594045
973171
642161
669627
338665
519840
416586
486948
416539
886320
304644
969445
719144
49826
518728
381720
330759
658550
799301
426772
75296
338261
12305
74992
228093
590110
35623
543381
153053
79182
233999
413311
308711
851915
288347
551184
513660
729165
127565
364497
980261
448426
289494
478150
144364
111612
94009
933420
370054
623856
896782
276561
308525
191342
960035
763152
86540
308576
390845
345192
77588
724706
761468
241017
58412
454212
341276
34778
519173
872254
148184
72601
741195
430385
263721
666000
646839
312150
91564
912736
97153
490309
875745
295373
699187
800996
161231
143158
662489
813290
255686
67759
50517
959439
275644
823165
735055
525842
727961
952557
538889
873702
383310
298129
292624
16186
943648
195992
760398
870372
932547
721225
515773
260905
881953
731164
481718
851563
41594
643765
995303
651824
259685
483837
623779
3787
844724
172319
741844
856361
764789
346332
253963
731449
241813
408396
342648
171385
447264
435314
706229
6874
56931
23546
251580
437711
613171
604369
725690
425719
297094
325217
257851
59109
673214
780392
793668
885960
63878
361716
554111
558204
787541
947197
235025
951148
511952
173023
683592
754785
638860
384690
474224
366828
487921
92232
362629
123180
67322
49538
248066
289021
545432
747535
160536
303549
280758
693314
303802
127292
257176
105103
51285
520320
904093
974691
97565
309105
708003
472285
368003
498279
384649
973740
70466
824847
688591
996102
628313
297716
637082
716609
996243
824880
156117
827026
400130
190446
232305
689761
337994
131354
326284
632901
329113
654248
29871
899233
227956
234686
950066
930010
833069
472767
853626
496884
738097
537525
870819
694280
189
498970
652472
973668
3441
172483
680863
808383
993341
471466
385746
383959
671864
77206
85896
763113
28303
863785
176818
327884
240154
331974
635233
918507
911498
938589
533188
29725
442431
83604
178191
359395
982262
389971
753528
751101
847584
662316
200987
643241
720589
927782
241854
633
443271
614565
147822
203152
979900
225335
443336
951480
35731
906429
223700
586147
241759
67572
355403
887869
813105
597087
223097
351658
173127
147219
514749
736289
649827
258398
954990
164196
970871
391957
435672
686363
603516
579449
677348
726284
818018
891845
741397
98746
78242
532695
365295
707927
335855
664056
668850
517158
219658
438922
595908
160498
835701
90445
63148
46180
641983
330830
399482
18117
664126
861740
787781
90577
699931
315528
345421
833716
138247
658376
740990
802724
205516
790920
10134
42330
889854
692127
59485
622574
918608
861641
662931
644238
14339
943030
529832
348506
142776
114926
386789
427615
607399
585311
813864
605167
273832
728517
153100
905753
394479
414772
100775
154059
238037
462469
990509
641984
621137
834523
696945
466919
366661
630800
787404
237330
744949
105153
749910
526295
233810
820787
488465
842631
928500
336545
375910
742920
975399
913571
386439
969426
923164
129148
367027
937666
125249
377792
554200
925342
701227
792352
78930
120742
507310
221140
35474
324819
263439
524900
959450
111151
811665
364050
239268
125840
910763
465511
308066
527410
522843
901273
992673
209904
255060
202133
126087
588959
338899
272751
270907
382023
878864
747300
653859
300287
772623
485896
76296
780580
405269
294672
289815
456054
274296
41406
625153
955215
938000
302501
635073
832384
665930
42008
21437
261897
488987
999091
955910
662389
837008
264389
20922
555536
747716
433817
423369
123974
91116
286368
181588
25626
356172
165692
579185
62463
648972
598379
8075
80534
258789
304590
863463
987333
91894
574357
487297
212144
953075
73225
467605
874263
274876
335158
324217
626956
57164
439219
357671
71375
480008
274512
902937
831944
208439
304154
628621
97888
870865
660109
745768
764348
991792
490327
636407
365270
884771
733765
944464
316474
477090
599372
727831
174235
721307
952950
170012
596112
651371
